"village_ID","poor.household.CNT","poor.JPT.CNT","poor.JPT.MOFreg.CNT","poor.JPT.MOFval.CNT","poor.JPT.MOFval.health","poor.JPT.MOFval.living","poor.JPT.MOFval.education","poor.JPT.MOFval.income","poor.JPT.MOFval.accessibility","JPT.MOFval.pov.rate","poor.JPT.MOFval.ind1.CNT","poor.JPT.MOFval.ind2.CNT","poor.JPT.MOFval.ind3.CNT","poor.JPT.MOFval.ind4.CNT","poor.JPT.MOFval.ind5.CNT","poor.JPT.MOFval.ind6.CNT","poor.JPT.MOFval.ind7.CNT","poor.JPT.MOFval.ind8.CNT","poor.JPT.MOFval.ind9.CNT","poor.JPT.MOFval.ind10.CNT","poor.JPT.MOFval.ind11.CNT","poor.JPT.MOFval.ind12.CNT","poor.JPT.MOFval.ind13.CNT","poor.JPT.MOFval.ind14.CNT","poor.JPT.MOFval.ind15.CNT","poor.JPT.MOFval.ind16.CNT","poor.JPT.MOFval.ind17.CNT","poor.JPT.MOFval.ind18.CNT","poor.JPT.MOFval.ind19.CNT","poor.JPT.MOFval.ind20.CNT","poor.JPT.MOFval.ind21.CNT","poor.JPT.MOFval.ind22.CNT","poor.JPT.MOFval.ind23.CNT","poor.JPT.MOFval.ind24.CNT","poor.JPT.MOFval.ind25.CNT","poor.JPT.MOFval.ind26.CNT","poor.JPT.MOFval.ind27.CNT","poor.JPT.MOFval.ind28.CNT","poor.JPT.MOFval.ind29.CNT","poor.JPT.MOFval.ind30.CNT","poor.JPT.MOFval.ind31.CNT","province_ID"
"2201030101",1,4,0,0,0,0,0,0,0,0,0,0,0,0,0,0,0,0,0,0,0,0,0,0,0,0,0,0,0,0,0,0,0,0,0,0,0,0,0,0,0,"22"
"2201030102",2,9,1,1,0,0,0,1,0,2.85714285714286,0,0,0,0,0,0,0,0,0,0,0,0,0,0,0,0,0,0,0,0,0,1,0,0,0,0,0,0,0,0,0,"22"
"2201030201",1,2,0,0,0,0,0,0,0,0,0,0,0,0,0,0,0,0,0,0,0,0,0,0,0,0,0,0,0,0,0,0,0,0,0,0,0,0,0,0,0,"22"
"2201030202",0,0,0,0,0,0,0,0,0,0,0,0,0,0,0,0,0,0,0,0,0,0,0,0,0,0,0,0,0,0,0,0,0,0,0,0,0,0,0,0,0,"22"
"2201030301",0,0,0,0,0,0,0,0,0,0,0,0,0,0,0,0,0,0,0,0,0,0,0,0,0,0,0,0,0,0,0,0,0,0,0,0,0,0,0,0,0,"22"
"2201030302",0,0,0,0,0,0,0,0,0,0,0,0,0,0,0,0,0,0,0,0,0,0,0,0,0,0,0,0,0,0,0,0,0,0,0,0,0,0,0,0,0,"22"
"2201030401",2,6,3,2,0,0,0,2,0,0.873362445414847,0,0,0,0,0,0,0,0,0,0,0,0,0,0,0,0,0,0,0,2,2,0,0,0,0,0,0,0,0,0,0,"22"
"2201030402",1,4,0,0,0,0,0,0,0,0,0,0,0,0,0,0,0,0,0,0,0,0,0,0,0,0,0,0,0,0,0,0,0,0,0,0,0,0,0,0,0,"22"
"2201030403",6,18,5,5,0,0,0,5,0,4.54545454545455,0,0,0,0,0,0,0,0,0,0,0,0,0,0,0,0,0,0,0,0,3,2,0,2,0,0,0,0,0,0,0,"22"
"2201030501",4,10,1,0,0,0,0,0,0,0,0,0,0,0,0,0,0,0,0,0,0,0,0,0,0,0,0,0,0,0,0,0,0,0,0,0,0,0,0,0,0,"22"
"2201030601",0,0,0,0,0,0,0,0,0,0,0,0,0,0,0,0,0,0,0,0,0,0,0,0,0,0,0,0,0,0,0,0,0,0,0,0,0,0,0,0,0,"22"
"2201030701",1,3,1,1,1,0,0,0,0,0.408163265306122,0,0,0,0,0,0,1,0,0,0,0,0,0,0,0,0,0,0,0,0,0,0,0,0,0,0,0,0,0,0,0,"22"
"2201030801",2,6,0,0,0,0,0,0,0,0,0,0,0,0,0,0,0,0,0,0,0,0,0,0,0,0,0,0,0,0,0,0,0,0,0,0,0,0,0,0,0,"22"
"2201030901",8,40,1,1,1,0,0,0,0,0.249376558603491,0,0,0,0,0,0,1,0,0,0,0,0,0,0,0,0,0,0,0,0,0,0,0,0,0,0,0,0,0,0,0,"22"
"2201031001",6,22,1,1,1,0,0,0,0,0.628930817610063,0,0,0,0,0,0,1,0,0,0,0,0,0,0,0,0,0,0,0,0,0,0,0,0,0,0,0,0,0,0,0,"22"
"2201031101",1,1,1,1,1,0,0,0,0,0.421940928270042,0,0,0,0,0,0,1,0,0,0,0,0,0,0,0,0,0,0,0,0,0,0,0,0,0,0,0,0,0,0,0,"22"
"2201031102",11,46,13,11,0,0,0,11,0,6.07734806629834,0,0,0,0,0,0,0,0,0,0,0,0,0,0,0,0,0,0,0,2,3,11,0,2,2,0,0,0,0,0,0,"22"
"2201031103",21,69,13,13,13,0,0,12,0,18.0555555555556,0,0,0,0,13,7,0,0,0,0,0,0,0,0,0,3,0,0,0,1,11,2,3,8,1,0,0,0,0,0,0,"22"
"2201031203",7,31,4,4,0,0,0,4,0,1.55038759689922,0,0,0,0,0,0,0,0,0,0,0,0,0,0,0,0,0,0,0,0,0,4,0,0,0,0,0,0,0,0,0,"22"
"2201031301",0,0,0,0,0,0,0,0,0,0,0,0,0,0,0,0,0,0,0,0,0,0,0,0,0,0,0,0,0,0,0,0,0,0,0,0,0,0,0,0,0,"22"
"2201031302",2,5,0,0,0,0,0,0,0,0,0,0,0,0,0,0,0,0,0,0,0,0,0,0,0,0,0,0,0,0,0,0,0,0,0,0,0,0,0,0,0,"22"
"2201031303",0,0,0,0,0,0,0,0,0,0,0,0,0,0,0,0,0,0,0,0,0,0,0,0,0,0,0,0,0,0,0,0,0,0,0,0,0,0,0,0,0,"22"
"2201031304",3,13,4,3,0,0,0,3,0,4.61538461538462,0,0,0,0,0,0,0,0,0,0,0,0,0,0,0,1,0,0,0,3,0,0,1,2,2,0,0,0,0,0,0,"22"
"2201031402",6,20,7,5,0,0,0,5,0,1.93798449612403,0,0,0,0,0,0,0,0,0,0,0,0,0,0,0,0,0,0,0,0,0,5,5,2,0,0,0,0,0,0,0,"22"
"2201031403",90,235,39,35,34,7,0,12,0,12.4555160142349,0,0,0,0,34,15,2,0,0,0,7,0,0,0,0,0,0,0,0,3,7,2,15,21,17,6,0,0,0,5,0,"22"
"2201040101",5,21,4,2,0,0,0,2,0,0.347222222222222,0,0,0,0,0,0,0,0,0,0,0,0,0,0,0,0,0,0,0,0,2,0,0,0,0,0,0,0,0,0,0,"22"
"2201040201",2,3,0,0,0,0,0,0,0,0,0,0,0,0,0,0,0,0,0,0,0,0,0,0,0,0,0,0,0,0,0,0,0,0,0,0,0,0,0,0,0,"22"
"2201040301",43,151,32,28,0,0,0,28,0,4.08759124087591,0,0,0,0,0,0,0,0,0,0,0,0,0,0,0,0,0,0,0,3,25,0,2,0,0,0,0,0,0,0,0,"22"
"2201040401",1,1,0,0,0,0,0,0,0,0,0,0,0,0,0,0,0,0,0,0,0,0,0,0,0,0,0,0,0,0,0,0,0,0,0,0,0,0,0,0,0,"22"
"2201040501",15,43,6,6,0,0,0,6,0,1.37614678899083,0,0,0,0,0,0,0,0,0,0,0,0,0,0,0,0,0,0,0,0,6,0,0,0,0,0,0,0,0,0,0,"22"
"2201040601",6,21,2,1,0,0,0,1,0,0.546448087431694,0,0,0,0,0,0,0,0,0,0,0,0,0,0,0,0,0,0,0,0,1,0,0,0,0,0,0,0,0,0,0,"22"
"2201040701",1,3,2,1,0,1,0,0,0,0.53475935828877,0,0,0,0,0,0,0,0,0,0,1,0,0,0,0,0,0,0,0,0,0,0,0,0,0,0,0,0,0,0,0,"22"
"2201040801",2,4,0,0,0,0,0,0,0,0,0,0,0,0,0,0,0,0,0,0,0,0,0,0,0,0,0,0,0,0,0,0,0,0,0,0,0,0,0,0,0,"22"
"2201040901",10,39,13,11,5,8,0,1,0,3.2258064516129,0,0,0,0,4,2,1,0,0,0,8,1,0,0,0,0,0,0,0,1,0,0,1,3,1,0,0,0,0,2,3,"22"
"2201050101",4,12,1,1,0,0,0,1,0,0.308641975308642,0,0,0,0,0,0,0,0,0,0,0,0,0,0,0,0,0,0,0,1,0,0,1,0,0,0,0,0,0,0,0,"22"
"2201050201",0,0,0,0,0,0,0,0,0,0,0,0,0,0,0,0,0,0,0,0,0,0,0,0,0,0,0,0,0,0,0,0,0,0,0,0,0,0,0,0,0,"22"
"2201050301",7,15,0,0,0,0,0,0,0,0,0,0,0,0,0,0,0,0,0,0,0,0,0,0,0,0,0,0,0,0,0,0,0,0,0,0,0,0,0,0,0,"22"
"2201050401",0,0,0,0,0,0,0,0,0,0,0,0,0,0,0,0,0,0,0,0,0,0,0,0,0,0,0,0,0,0,0,0,0,0,0,0,0,0,0,0,0,"22"
"2201050501",34,93,13,12,2,0,0,12,0,2.27703984819734,0,0,0,0,0,0,2,0,0,0,0,0,0,0,0,0,0,0,0,1,11,0,0,5,6,0,0,0,0,0,0,"22"
"2201050601",11,37,2,1,0,0,0,1,0,0.3584229390681,0,0,0,0,0,0,0,0,0,0,0,0,0,0,0,0,0,0,0,0,1,0,0,0,0,0,0,0,0,0,0,"22"
"2201050701",5,13,0,0,0,0,0,0,0,0,0,0,0,0,0,0,0,0,0,0,0,0,0,0,0,0,0,0,0,0,0,0,0,0,0,0,0,0,0,0,0,"22"
"2201050801",6,21,3,3,1,0,0,3,0,1.11940298507463,0,0,0,0,0,0,1,0,0,0,0,0,0,0,0,0,0,0,0,1,2,0,0,0,0,0,0,0,0,0,0,"22"
"2201050901",0,0,0,0,0,0,0,0,0,0,0,0,0,0,0,0,0,0,0,0,0,0,0,0,0,0,0,0,0,0,0,0,0,0,0,0,0,0,0,0,0,"22"
"2201051001",2,4,0,0,0,0,0,0,0,0,0,0,0,0,0,0,0,0,0,0,0,0,0,0,0,0,0,0,0,0,0,0,0,0,0,0,0,0,0,0,0,"22"
"2201060101",6,8,0,0,0,0,0,0,0,0,0,0,0,0,0,0,0,0,0,0,0,0,0,0,0,0,0,0,0,0,0,0,0,0,0,0,0,0,0,0,0,"22"
"2201060201",0,0,0,0,0,0,0,0,0,0,0,0,0,0,0,0,0,0,0,0,0,0,0,0,0,0,0,0,0,0,0,0,0,0,0,0,0,0,0,0,0,"22"
"2201060501",0,0,0,0,0,0,0,0,0,0,0,0,0,0,0,0,0,0,0,0,0,0,0,0,0,0,0,0,0,0,0,0,0,0,0,0,0,0,0,0,0,"22"
"2201060601",0,0,0,0,0,0,0,0,0,0,0,0,0,0,0,0,0,0,0,0,0,0,0,0,0,0,0,0,0,0,0,0,0,0,0,0,0,0,0,0,0,"22"
"2201060701",1,3,0,0,0,0,0,0,0,0,0,0,0,0,0,0,0,0,0,0,0,0,0,0,0,0,0,0,0,0,0,0,0,0,0,0,0,0,0,0,0,"22"
"2201060801",0,0,0,0,0,0,0,0,0,0,0,0,0,0,0,0,0,0,0,0,0,0,0,0,0,0,0,0,0,0,0,0,0,0,0,0,0,0,0,0,0,"22"
"2201061001",0,0,0,0,0,0,0,0,0,0,0,0,0,0,0,0,0,0,0,0,0,0,0,0,0,0,0,0,0,0,0,0,0,0,0,0,0,0,0,0,0,"22"
"2201061101",2,6,2,2,0,2,0,0,0,0.823045267489712,0,0,0,0,0,0,0,0,0,0,2,0,0,0,0,0,0,0,0,0,0,0,2,0,0,0,0,0,0,0,0,"22"
"2201061201",0,0,0,0,0,0,0,0,0,0,0,0,0,0,0,0,0,0,0,0,0,0,0,0,0,0,0,0,0,0,0,0,0,0,0,0,0,0,0,0,0,"22"
"2201070101",23,48,5,5,2,3,0,1,0,1.21951219512195,0,0,0,2,0,0,0,0,0,0,3,0,2,0,0,0,0,0,0,1,0,0,4,0,0,0,0,0,0,2,0,"22"
"2201070201",10,22,4,4,1,2,0,1,0,1.45985401459854,0,0,0,0,1,1,0,0,0,0,2,0,1,0,0,0,0,0,0,0,1,0,2,0,0,0,0,0,0,2,0,"22"
"2201070301",43,133,18,16,3,0,0,13,0,3.82775119617225,0,0,0,0,1,2,2,0,0,0,0,0,0,0,0,1,0,0,0,0,13,0,12,4,5,2,0,0,0,4,2,"22"
"2201070401",104,306,56,48,8,9,0,38,0,5.81818181818182,0,0,0,1,2,10,5,0,0,0,9,0,11,0,1,0,0,0,3,2,37,0,34,0,1,0,2,0,0,40,12,"22"
"2201070501",46,124,28,25,3,12,0,17,0,9.72762645914397,0,0,0,2,0,0,1,0,0,0,12,0,4,0,0,0,0,0,0,3,14,0,22,0,0,0,0,0,0,16,1,"22"
"2201070601",7,18,5,4,3,0,0,2,0,2.18579234972678,0,0,0,0,0,0,3,0,0,0,0,0,0,0,0,0,0,0,0,1,1,0,4,0,0,0,0,0,0,0,0,"22"
"2201070701",1,1,0,0,0,0,0,0,0,0,0,0,0,0,0,0,0,0,0,0,0,0,0,0,0,0,0,0,0,0,0,0,0,0,0,0,0,0,0,0,0,"22"
"2201070801",0,0,0,0,0,0,0,0,0,0,0,0,0,0,0,0,0,0,0,0,0,0,0,0,0,0,0,0,0,0,0,0,0,0,0,0,0,0,0,0,0,"22"
"2201070901",0,0,0,0,0,0,0,0,0,0,0,0,0,0,0,0,0,0,0,0,0,0,0,0,0,0,0,0,0,0,0,0,0,0,0,0,0,0,0,0,0,"22"
"2201080101",1,1,0,0,0,0,0,0,0,0,0,0,0,0,0,0,0,0,0,0,0,0,0,0,0,0,0,0,0,0,0,0,0,0,0,0,0,0,0,0,0,"22"
"2201080201",23,72,9,8,1,0,0,8,0,2.97397769516729,0,0,0,0,0,8,1,0,0,0,0,0,0,0,0,0,0,0,0,0,8,0,0,0,0,0,0,0,0,0,0,"22"
"2201080301",77,294,43,39,0,0,0,39,0,2.90178571428571,0,0,0,0,0,36,0,0,0,0,0,0,0,0,0,0,0,0,0,0,39,0,0,1,7,0,0,0,0,0,0,"22"
"2201080401",10,39,2,2,0,0,0,2,0,3.17460317460317,0,0,0,0,0,2,0,0,0,0,0,0,0,0,0,0,0,0,0,0,2,0,0,0,0,0,0,0,0,0,0,"22"
"2201080402",1,1,0,0,0,0,0,0,0,0,0,0,0,0,0,0,0,0,0,0,0,0,0,0,0,0,0,0,0,0,0,0,0,0,0,0,0,0,0,0,0,"22"
"2201080501",15,46,6,6,1,0,0,5,0,4.58015267175572,0,0,0,0,0,6,1,0,0,0,0,0,0,0,0,0,0,0,2,2,3,0,0,1,1,0,0,0,0,0,0,"22"
"2201080601",0,0,0,0,0,0,0,0,0,0,0,0,0,0,0,0,0,0,0,0,0,0,0,0,0,0,0,0,0,0,0,0,0,0,0,0,0,0,0,0,0,"22"
"2201080701",17,58,4,3,0,0,0,3,0,1.66666666666667,0,0,0,0,0,3,0,0,0,0,0,0,0,0,0,0,0,0,0,0,3,0,0,1,0,0,0,0,0,0,0,"22"
"2201080801",41,122,18,16,1,0,0,16,0,2.03821656050955,0,0,0,0,0,16,1,0,0,0,0,0,0,0,0,2,0,0,0,0,16,0,6,2,2,0,0,0,0,0,0,"22"
"2201080901",3,6,1,1,1,0,0,1,0,2.56410256410256,0,0,0,0,0,1,1,0,0,0,0,0,0,0,0,0,0,0,0,0,1,0,1,0,0,0,0,0,0,0,0,"22"
"2201080902",0,0,0,0,0,0,0,0,0,0,0,0,0,0,0,0,0,0,0,0,0,0,0,0,0,0,0,0,0,0,0,0,0,0,0,0,0,0,0,0,0,"22"
"2201081001",0,0,0,0,0,0,0,0,0,0,0,0,0,0,0,0,0,0,0,0,0,0,0,0,0,0,0,0,0,0,0,0,0,0,0,0,0,0,0,0,0,"22"
"2201090101",1,2,1,1,0,0,0,1,0,0.172711571675302,0,0,0,0,0,0,0,0,0,0,0,0,0,0,0,0,0,0,0,0,1,0,0,0,0,0,0,0,0,0,0,"22"
"2201090201",1,2,0,0,0,0,0,0,0,0,0,0,0,0,0,0,0,0,0,0,0,0,0,0,0,0,0,0,0,0,0,0,0,0,0,0,0,0,0,0,0,"22"
"2201090301",4,12,2,1,1,0,0,0,0,0.280898876404494,0,0,0,0,0,0,1,0,0,0,0,0,0,0,0,0,0,0,0,0,0,0,0,0,0,0,0,0,0,0,0,"22"
"2201090401",1,1,1,1,1,0,0,0,0,0.214592274678112,0,0,0,0,0,0,1,0,0,0,0,0,0,0,0,0,0,0,0,0,0,0,0,0,0,0,0,0,0,0,0,"22"
"2201090501",1,1,0,0,0,0,0,0,0,0,0,0,0,0,0,0,0,0,0,0,0,0,0,0,0,0,0,0,0,0,0,0,0,0,0,0,0,0,0,0,0,"22"
"2201090601",0,0,0,0,0,0,0,0,0,0,0,0,0,0,0,0,0,0,0,0,0,0,0,0,0,0,0,0,0,0,0,0,0,0,0,0,0,0,0,0,0,"22"
"2201090701",1,4,0,0,0,0,0,0,0,0,0,0,0,0,0,0,0,0,0,0,0,0,0,0,0,0,0,0,0,0,0,0,0,0,0,0,0,0,0,0,0,"22"
"2201090801",3,7,0,0,0,0,0,0,0,0,0,0,0,0,0,0,0,0,0,0,0,0,0,0,0,0,0,0,0,0,0,0,0,0,0,0,0,0,0,0,0,"22"
"2201090901",0,0,0,0,0,0,0,0,0,0,0,0,0,0,0,0,0,0,0,0,0,0,0,0,0,0,0,0,0,0,0,0,0,0,0,0,0,0,0,0,0,"22"
"2201091001",2,9,5,4,0,0,0,4,0,2.35294117647059,0,0,0,0,0,0,0,0,0,0,0,0,0,0,0,0,0,0,0,0,4,0,0,0,0,0,0,0,0,0,0,"22"
"2201100101",16,68,16,13,0,0,0,13,0,2.24525043177893,0,0,0,0,0,0,0,0,0,0,0,0,0,0,0,0,0,0,3,4,9,0,10,2,2,0,0,0,0,0,0,"22"
"2201100201",2,7,0,0,0,0,0,0,0,0,0,0,0,0,0,0,0,0,0,0,0,0,0,0,0,0,0,0,0,0,0,0,0,0,0,0,0,0,0,0,0,"22"
"2201100301",0,0,0,0,0,0,0,0,0,0,0,0,0,0,0,0,0,0,0,0,0,0,0,0,0,0,0,0,0,0,0,0,0,0,0,0,0,0,0,0,0,"22"
"2201100401",0,0,0,0,0,0,0,0,0,0,0,0,0,0,0,0,0,0,0,0,0,0,0,0,0,0,0,0,0,0,0,0,0,0,0,0,0,0,0,0,0,"22"
"2201100501",2,6,0,0,0,0,0,0,0,0,0,0,0,0,0,0,0,0,0,0,0,0,0,0,0,0,0,0,0,0,0,0,0,0,0,0,0,0,0,0,0,"22"
"2201100601",0,0,0,0,0,0,0,0,0,0,0,0,0,0,0,0,0,0,0,0,0,0,0,0,0,0,0,0,0,0,0,0,0,0,0,0,0,0,0,0,0,"22"
"2201100701",2,2,0,0,0,0,0,0,0,0,0,0,0,0,0,0,0,0,0,0,0,0,0,0,0,0,0,0,0,0,0,0,0,0,0,0,0,0,0,0,0,"22"
"2201100801",3,13,3,2,0,1,0,1,0,0.574712643678161,0,0,0,0,0,1,0,0,0,1,0,0,0,0,0,0,0,0,0,0,1,0,1,0,0,0,0,0,0,0,0,"22"
"2201100901",23,84,32,28,0,2,0,26,0,4.14814814814815,0,0,0,0,0,0,0,0,0,0,2,0,0,0,0,0,0,0,0,7,19,0,0,3,3,0,0,0,0,0,0,"22"
"2201101001",0,0,0,0,0,0,0,0,0,0,0,0,0,0,0,0,0,0,0,0,0,0,0,0,0,0,0,0,0,0,0,0,0,0,0,0,0,0,0,0,0,"22"
"2201101101",22,76,11,9,1,0,0,9,0,1.57618213660245,0,0,0,0,0,5,1,0,0,0,0,0,0,0,0,0,0,0,0,0,9,0,0,2,2,0,0,0,0,0,0,"22"
"2201110101",0,0,0,0,0,0,0,0,0,0,0,0,0,0,0,0,0,0,0,0,0,0,0,0,0,0,0,0,0,0,0,0,0,0,0,0,0,0,0,0,0,"22"
"2201110201",1,4,2,2,2,0,0,0,0,0.823045267489712,0,0,0,0,0,0,2,0,0,0,0,0,0,0,0,0,0,0,0,0,0,0,0,0,0,0,0,0,0,0,0,"22"
"2201110301",1,2,0,0,0,0,0,0,0,0,0,0,0,0,0,0,0,0,0,0,0,0,0,0,0,0,0,0,0,0,0,0,0,0,0,0,0,0,0,0,0,"22"
"2201110401",2,9,0,0,0,0,0,0,0,0,0,0,0,0,0,0,0,0,0,0,0,0,0,0,0,0,0,0,0,0,0,0,0,0,0,0,0,0,0,0,0,"22"
"2201110501",2,5,2,2,0,0,0,2,0,1.22699386503067,0,0,0,0,0,0,0,0,0,0,0,0,0,0,0,0,0,0,0,0,2,0,0,0,2,0,0,0,0,0,0,"22"
"2201110601",1,4,0,0,0,0,0,0,0,0,0,0,0,0,0,0,0,0,0,0,0,0,0,0,0,0,0,0,0,0,0,0,0,0,0,0,0,0,0,0,0,"22"
"2201110701",3,16,5,4,0,0,0,4,0,1.72413793103448,0,0,0,0,0,0,0,0,0,0,0,0,0,0,0,0,0,0,0,4,1,0,0,0,1,0,0,0,0,0,0,"22"
"2201110801",0,0,0,0,0,0,0,0,0,0,0,0,0,0,0,0,0,0,0,0,0,0,0,0,0,0,0,0,0,0,0,0,0,0,0,0,0,0,0,0,0,"22"
"2201110802",9,27,2,2,1,2,0,1,0,6.25,0,0,0,1,0,2,0,0,1,1,2,0,0,0,0,0,0,0,0,1,0,0,0,1,1,1,0,0,0,1,0,"22"
"2201110901",4,16,0,0,0,0,0,0,0,0,0,0,0,0,0,0,0,0,0,0,0,0,0,0,0,0,0,0,0,0,0,0,0,0,0,0,0,0,0,0,0,"22"
"2201110902",16,51,6,5,1,4,0,0,0,3.84615384615385,0,0,0,0,1,4,0,0,0,0,4,0,1,0,0,0,0,0,1,0,0,0,0,3,3,2,0,0,0,4,1,"22"
"2201111001",1,4,0,0,0,0,0,0,0,0,0,0,0,0,0,0,0,0,0,0,0,0,0,0,0,0,0,0,0,0,0,0,0,0,0,0,0,0,0,0,0,"22"
"2201111102",2,4,0,0,0,0,0,0,0,0,0,0,0,0,0,0,0,0,0,0,0,0,0,0,0,0,0,0,0,0,0,0,0,0,0,0,0,0,0,0,0,"22"
"2201111104",0,0,0,0,0,0,0,0,0,0,0,0,0,0,0,0,0,0,0,0,0,0,0,0,0,0,0,0,0,0,0,0,0,0,0,0,0,0,0,0,0,"22"
"2201111105",3,16,1,0,0,0,0,0,0,0,0,0,0,0,0,0,0,0,0,0,0,0,0,0,0,0,0,0,0,0,0,0,0,0,0,0,0,0,0,0,0,"22"
"2201111106",42,135,36,27,17,17,0,14,0,16.4634146341463,0,0,0,8,0,25,9,0,0,0,17,0,0,0,0,0,0,0,1,8,8,0,3,14,7,20,0,0,0,8,0,"22"
"2201111202",14,55,18,15,3,5,0,14,0,11.9047619047619,0,0,0,2,1,8,0,0,0,0,5,0,5,0,0,0,0,0,4,4,12,3,2,5,6,0,0,0,0,0,10,"22"
"2201111203",14,57,11,9,1,2,0,6,0,4.36893203883495,0,0,0,0,0,2,1,2,1,1,0,0,0,0,0,0,0,0,0,3,1,2,6,1,1,1,0,0,0,0,0,"22"
"2201111302",57,212,34,26,10,20,0,8,0,5.24193548387097,0,0,0,0,6,8,5,1,0,0,19,2,13,0,0,4,0,0,0,4,6,0,1,17,17,6,0,0,0,3,3,"22"
"2201510101",2,3,0,0,0,0,0,0,0,0,0,0,0,0,0,0,0,0,0,0,0,0,0,0,0,0,0,0,0,0,0,0,0,0,0,0,0,0,0,0,0,"22"
"2201510201",1,3,1,0,0,0,0,0,0,0,0,0,0,0,0,0,0,0,0,0,0,0,0,0,0,0,0,0,0,0,0,0,0,0,0,0,0,0,0,0,0,"22"
"2201510301",3,8,0,0,0,0,0,0,0,0,0,0,0,0,0,0,0,0,0,0,0,0,0,0,0,0,0,0,0,0,0,0,0,0,0,0,0,0,0,0,0,"22"
"2201510401",22,79,15,10,0,0,0,10,0,1.56985871271586,0,0,0,0,0,0,0,0,0,0,0,0,0,0,0,0,0,0,0,0,0,10,10,0,0,0,0,0,0,0,0,"22"
"2201510501",2,6,1,0,0,0,0,0,0,0,0,0,0,0,0,0,0,0,0,0,0,0,0,0,0,0,0,0,0,0,0,0,0,0,0,0,0,0,0,0,0,"22"
"2201510601",28,85,26,23,0,0,0,23,0,5.82278481012658,0,0,0,0,0,0,0,0,0,0,0,0,0,0,0,0,0,0,0,0,0,23,23,0,0,0,0,0,0,0,0,"22"
"2201510701",0,0,0,0,0,0,0,0,0,0,0,0,0,0,0,0,0,0,0,0,0,0,0,0,0,0,0,0,0,0,0,0,0,0,0,0,0,0,0,0,0,"22"
"2201510801",30,80,13,10,0,0,0,10,0,1.68350168350168,0,0,0,0,0,0,0,0,0,0,0,0,0,0,0,0,0,0,0,0,0,10,10,0,0,0,0,0,0,0,0,"22"
"2201510901",2,2,1,0,0,0,0,0,0,0,0,0,0,0,0,0,0,0,0,0,0,0,0,0,0,0,0,0,0,0,0,0,0,0,0,0,0,0,0,0,0,"22"
"2201511001",37,127,44,40,0,0,0,40,0,13.2013201320132,0,0,0,0,0,0,0,0,0,0,0,0,0,0,0,0,0,0,0,0,0,40,39,0,0,0,0,0,0,0,0,"22"
"2201511101",3,3,1,1,1,0,0,0,0,1.26582278481013,0,0,0,0,0,0,1,0,0,0,0,0,0,0,0,0,0,0,0,0,0,0,1,0,0,0,0,0,0,0,0,"22"
"2201511201",6,20,3,3,0,0,0,3,0,1.98675496688742,0,0,0,0,0,0,0,0,0,0,0,0,0,0,0,0,0,0,0,0,0,3,3,0,0,0,0,0,0,0,0,"22"
"2201511301",11,21,1,1,1,0,0,0,0,0.274725274725275,0,0,0,0,0,0,1,0,0,0,0,0,1,0,0,0,0,0,0,0,0,0,1,0,0,0,0,0,0,0,0,"22"
"2201511401",2,7,0,0,0,0,0,0,0,0,0,0,0,0,0,0,0,0,0,0,0,0,0,0,0,0,0,0,0,0,0,0,0,0,0,0,0,0,0,0,0,"22"
"2201511501",0,0,0,0,0,0,0,0,0,0,0,0,0,0,0,0,0,0,0,0,0,0,0,0,0,0,0,0,0,0,0,0,0,0,0,0,0,0,0,0,0,"22"
"2201520101",26,93,22,21,0,0,0,21,0,14,0,0,0,0,0,0,0,0,0,0,0,0,0,0,0,0,0,0,0,1,0,20,0,0,0,0,0,0,0,0,1,"22"
"2201520201",155,507,93,78,44,2,0,60,0,7.29653882132834,0,0,0,0,0,13,44,1,0,0,1,0,0,0,0,11,0,0,1,34,19,33,43,36,33,40,1,0,0,32,2,"22"
"2201520301",3,4,2,2,0,0,0,2,0,0.181653042688465,0,0,0,0,0,0,0,0,0,0,0,0,0,0,0,0,0,0,0,0,0,2,0,0,0,0,0,0,0,0,0,"22"
"2201520401",0,0,0,0,0,0,0,0,0,0,0,0,0,0,0,0,0,0,0,0,0,0,0,0,0,0,0,0,0,0,0,0,0,0,0,0,0,0,0,0,0,"22"
"2201520501",35,62,4,4,4,0,0,1,0,0.386847195357834,0,0,0,0,0,0,4,0,0,0,0,0,0,0,0,0,0,0,1,0,0,1,2,0,0,0,0,0,0,0,0,"22"
"2201520601",1,5,1,1,0,0,0,1,0,0.598802395209581,0,0,0,0,0,0,0,0,0,0,0,0,0,0,0,0,0,0,0,0,0,1,0,0,0,0,0,0,0,0,0,"22"
"2201520701",2,12,1,1,0,0,0,1,0,0.0908265213442325,0,0,0,0,0,0,0,0,0,0,0,0,0,0,0,0,0,0,0,0,0,1,0,0,0,0,0,0,0,1,0,"22"
"2201520801",8,35,2,2,0,0,0,2,0,0.36101083032491,0,0,0,0,0,0,0,0,0,0,0,0,0,0,0,0,0,0,0,0,0,2,0,0,0,0,0,0,0,0,0,"22"
"2201520901",194,311,56,47,46,0,0,1,0,8.03418803418803,0,0,0,0,0,0,46,0,0,0,0,0,0,0,0,0,0,0,2,0,0,1,0,0,0,0,0,0,0,0,0,"22"
"2202020101",4,10,3,2,1,0,0,1,0,0.321027287319422,0,0,0,0,0,0,1,0,0,0,0,0,0,0,0,0,0,0,0,0,0,1,1,0,0,0,0,0,0,0,0,"22"
"2202020201",5,6,1,1,1,0,0,0,0,0.421940928270042,0,0,0,0,0,0,1,0,0,0,0,0,0,0,0,0,0,0,0,0,0,0,0,0,0,0,0,0,0,0,0,"22"
"2202020301",0,0,0,0,0,0,0,0,0,0,0,0,0,0,0,0,0,0,0,0,0,0,0,0,0,0,0,0,0,0,0,0,0,0,0,0,0,0,0,0,0,"22"
"2202020401",14,33,9,6,4,0,0,3,0,1.52284263959391,0,0,0,0,0,0,4,0,0,0,0,0,0,0,0,0,0,0,0,0,2,1,0,1,2,0,0,0,0,0,0,"22"
"2202020501",2,2,0,0,0,0,0,0,0,0,0,0,0,0,0,0,0,0,0,0,0,0,0,0,0,0,0,0,0,0,0,0,0,0,0,0,0,0,0,0,0,"22"
"2202020601",13,18,7,4,4,1,0,0,0,0.90702947845805,0,0,0,0,0,0,4,0,0,0,1,0,0,0,0,0,0,0,0,0,0,0,2,0,0,0,0,0,0,0,0,"22"
"2202020701",3,7,3,2,0,0,0,2,0,0.649350649350649,0,0,0,0,0,0,0,0,0,0,0,0,0,0,0,0,0,0,0,0,1,2,0,0,0,0,0,0,0,0,0,"22"
"2202020801",1,1,1,0,0,0,0,0,0,0,0,0,0,0,0,0,0,0,0,0,0,0,0,0,0,0,0,0,0,0,0,0,0,0,0,0,0,0,0,0,0,"22"
"2202020901",3,3,1,1,0,1,0,0,0,0.34965034965035,0,0,0,0,0,0,0,0,0,1,0,0,0,0,0,0,0,0,0,0,0,0,0,0,0,0,0,0,0,0,0,"22"
"2202021001",2,4,2,1,0,0,0,1,0,0.429184549356223,0,0,0,0,0,0,0,0,0,0,0,0,0,0,0,0,0,0,0,0,1,0,0,0,0,0,0,0,0,0,0,"22"
"2202030101",0,0,0,0,0,0,0,0,0,0,0,0,0,0,0,0,0,0,0,0,0,0,0,0,0,0,0,0,0,0,0,0,0,0,0,0,0,0,0,0,0,"22"
"2202030201",0,0,0,0,0,0,0,0,0,0,0,0,0,0,0,0,0,0,0,0,0,0,0,0,0,0,0,0,0,0,0,0,0,0,0,0,0,0,0,0,0,"22"
"2202030301",0,0,0,0,0,0,0,0,0,0,0,0,0,0,0,0,0,0,0,0,0,0,0,0,0,0,0,0,0,0,0,0,0,0,0,0,0,0,0,0,0,"22"
"2202030401",0,0,0,0,0,0,0,0,0,0,0,0,0,0,0,0,0,0,0,0,0,0,0,0,0,0,0,0,0,0,0,0,0,0,0,0,0,0,0,0,0,"22"
"2202030501",0,0,0,0,0,0,0,0,0,0,0,0,0,0,0,0,0,0,0,0,0,0,0,0,0,0,0,0,0,0,0,0,0,0,0,0,0,0,0,0,0,"22"
"2202030601",0,0,0,0,0,0,0,0,0,0,0,0,0,0,0,0,0,0,0,0,0,0,0,0,0,0,0,0,0,0,0,0,0,0,0,0,0,0,0,0,0,"22"
"2202030701",0,0,0,0,0,0,0,0,0,0,0,0,0,0,0,0,0,0,0,0,0,0,0,0,0,0,0,0,0,0,0,0,0,0,0,0,0,0,0,0,0,"22"
"2202030801",3,5,0,0,0,0,0,0,0,0,0,0,0,0,0,0,0,0,0,0,0,0,0,0,0,0,0,0,0,0,0,0,0,0,0,0,0,0,0,0,0,"22"
"2202030901",13,49,7,7,2,4,0,2,0,2.42214532871972,0,0,0,0,1,3,1,0,0,0,4,0,0,0,0,0,0,0,0,0,2,0,2,1,0,0,0,0,0,0,0,"22"
"2202031001",0,0,0,0,0,0,0,0,0,0,0,0,0,0,0,0,0,0,0,0,0,0,0,0,0,0,0,0,0,0,0,0,0,0,0,0,0,0,0,0,0,"22"
"2202040101",7,18,0,0,0,0,0,0,0,0,0,0,0,0,0,0,0,0,0,0,0,0,0,0,0,0,0,0,0,0,0,0,0,0,0,0,0,0,0,0,0,"22"
"2202040201",11,43,5,5,5,0,0,0,0,0.946969696969697,0,0,0,1,5,0,0,0,0,0,0,0,0,0,0,0,0,0,0,0,0,0,0,0,0,0,0,0,0,0,0,"22"
"2202040301",21,58,9,9,9,0,0,0,0,1.88284518828452,0,0,0,6,6,0,0,0,0,0,0,0,0,0,0,0,0,0,0,0,0,0,0,3,3,0,0,0,0,0,0,"22"
"2202040401",7,14,2,1,1,0,0,0,0,0.224215246636771,0,0,0,1,0,0,0,0,0,0,0,0,0,0,0,0,0,0,0,0,0,0,0,0,0,0,0,0,0,0,0,"22"
"2202040501",13,38,2,2,2,0,0,0,0,0.433839479392625,0,0,0,2,1,0,0,0,0,0,0,0,0,0,0,0,0,0,0,0,0,0,0,0,0,0,0,0,0,0,0,"22"
"2202040601",13,34,6,5,5,0,0,0,0,1.07296137339056,0,0,0,5,0,0,0,0,0,0,0,0,0,0,0,0,0,0,0,0,0,0,0,0,3,0,0,0,0,0,0,"22"
"2202050101",3,10,4,4,0,0,0,4,0,1.68067226890756,0,0,0,0,0,0,0,0,0,0,0,0,0,0,0,0,0,0,0,2,4,0,0,0,0,0,0,0,0,0,0,"22"
"2202050201",92,222,34,32,0,32,0,0,0,4.3656207366985,0,0,0,0,0,0,0,0,0,0,32,0,0,0,0,0,0,0,1,0,0,0,0,9,9,0,0,0,0,0,0,"22"
"2202050301",63,193,40,38,37,6,0,0,0,11.8380062305296,0,0,0,2,37,14,2,0,0,1,6,0,2,0,0,0,0,0,0,0,0,0,0,22,20,0,0,0,0,0,0,"22"
"2202050401",19,56,5,5,0,5,0,0,0,2.09205020920502,0,0,0,0,0,0,0,0,0,0,5,0,5,0,0,0,0,0,0,0,0,0,0,3,0,0,0,0,0,0,0,"22"
"2202050501",77,203,22,22,0,22,0,0,0,8.23970037453183,0,0,0,0,0,2,0,0,0,22,0,0,0,0,0,0,0,0,1,0,0,0,0,8,17,0,0,0,0,0,0,"22"
"2202050601",64,270,75,71,36,49,0,0,0,10.790273556231,0,0,0,13,34,18,1,0,16,15,42,0,4,0,0,0,0,0,10,0,0,0,1,32,32,0,0,0,0,0,1,"22"
"2202060101",23,62,17,8,7,0,0,3,0,2.51572327044025,0,0,0,1,5,0,1,0,0,0,0,0,0,0,0,0,0,0,0,1,2,1,0,1,2,0,0,0,0,0,0,"22"
"2202060201",18,47,11,10,0,2,0,8,0,2.11416490486258,0,0,0,0,0,1,0,0,0,0,2,0,1,0,0,0,0,0,0,1,6,2,2,1,0,0,0,0,0,0,0,"22"
"2202060301",3,10,2,2,2,0,0,0,0,0.597014925373134,0,0,0,0,0,0,2,0,0,0,0,0,0,0,0,0,0,0,0,0,0,0,2,0,0,0,0,0,0,0,0,"22"
"2202060401",4,16,7,7,0,0,0,7,0,0.940860215053763,0,0,0,0,0,0,0,0,0,0,0,0,0,0,0,0,0,0,0,0,7,0,0,0,0,0,0,0,0,0,0,"22"
"2202060501",4,12,2,1,1,0,0,0,0,0.326797385620915,0,0,0,0,0,0,1,0,0,0,0,0,0,0,0,0,0,0,0,0,0,0,0,0,0,0,0,0,0,0,0,"22"
"2202060601",9,31,10,9,2,0,0,7,0,1.63339382940109,0,0,0,2,2,0,0,0,0,0,0,0,0,0,0,0,0,0,0,0,7,0,0,4,5,0,0,0,0,0,0,"22"
"2202060701",96,335,47,43,1,43,0,3,0,8.43137254901961,0,0,0,0,1,1,0,0,0,0,43,0,0,0,0,0,0,0,0,0,3,0,4,10,27,3,0,0,0,0,0,"22"
"2202060801",9,29,7,7,4,5,0,0,0,1.99430199430199,0,0,0,4,1,0,0,0,0,0,5,0,0,0,0,0,0,0,0,0,0,0,3,1,2,0,0,0,0,0,0,"22"
"2202070101",0,0,0,0,0,0,0,0,0,0,0,0,0,0,0,0,0,0,0,0,0,0,0,0,0,0,0,0,0,0,0,0,0,0,0,0,0,0,0,0,0,"22"
"2202070201",6,11,2,2,0,1,0,1,0,0.598802395209581,0,0,0,0,0,0,0,1,0,0,0,0,0,0,0,0,0,0,0,0,1,0,0,1,1,0,0,0,0,0,0,"22"
"2202070301",2,6,2,2,1,1,0,0,0,0.447427293064877,0,0,0,0,0,0,1,1,0,0,0,0,0,0,0,0,0,0,1,0,0,0,0,0,0,0,0,0,0,0,0,"22"
"2202070401",2,8,2,2,2,0,0,0,0,0.543478260869565,0,0,0,0,0,0,2,0,0,0,0,0,0,0,0,0,0,0,0,0,0,0,0,0,0,0,0,0,0,0,0,"22"
"2202070501",1,2,0,0,0,0,0,0,0,0,0,0,0,0,0,0,0,0,0,0,0,0,0,0,0,0,0,0,0,0,0,0,0,0,0,0,0,0,0,0,0,"22"
"2202070601",1,7,0,0,0,0,0,0,0,0,0,0,0,0,0,0,0,0,0,0,0,0,0,0,0,0,0,0,0,0,0,0,0,0,0,0,0,0,0,0,0,"22"
"2202070701",2,5,1,0,0,0,0,0,0,0,0,0,0,0,0,0,0,0,0,0,0,0,0,0,0,0,0,0,0,0,0,0,0,0,0,0,0,0,0,0,0,"22"
"2202070801",1,1,1,1,0,0,0,1,0,0.246305418719212,0,0,0,0,0,0,0,0,0,0,0,0,0,0,0,0,0,0,0,0,0,1,0,0,0,0,0,0,0,0,0,"22"
"2202070901",7,27,3,3,0,0,0,3,0,0.746268656716418,0,0,0,0,0,0,0,0,0,0,0,0,0,0,0,0,0,0,0,0,3,0,0,0,0,0,0,0,0,0,0,"22"
"2202071001",6,28,3,3,0,3,0,0,0,0.643776824034335,0,0,0,0,0,0,0,0,0,0,3,0,0,0,0,0,0,0,0,0,0,0,0,3,1,0,0,0,0,0,0,"22"
"2202071101",4,16,4,4,0,0,0,4,0,1.11111111111111,0,0,0,0,0,0,0,0,0,0,0,0,0,0,0,0,0,0,0,0,4,0,0,0,0,0,0,0,0,0,0,"22"
"2202080101",3,3,1,1,0,0,0,1,0,0.227790432801822,0,0,0,0,0,0,0,0,0,0,0,0,1,0,0,0,0,0,0,0,0,1,1,0,1,0,0,0,0,0,0,"22"
"2202080201",1,4,0,0,0,0,0,0,0,0,0,0,0,0,0,0,0,0,0,0,0,0,0,0,0,0,0,0,0,0,0,0,0,0,0,0,0,0,0,0,0,"22"
"2202080301",0,0,0,0,0,0,0,0,0,0,0,0,0,0,0,0,0,0,0,0,0,0,0,0,0,0,0,0,0,0,0,0,0,0,0,0,0,0,0,0,0,"22"
"2202080401",2,11,1,1,0,1,0,0,0,0.258397932816538,0,0,0,0,0,0,0,1,0,0,0,0,0,0,0,0,0,0,0,0,0,0,0,1,1,0,0,0,0,0,0,"22"
"2202080501",0,0,0,0,0,0,0,0,0,0,0,0,0,0,0,0,0,0,0,0,0,0,0,0,0,0,0,0,0,0,0,0,0,0,0,0,0,0,0,0,0,"22"
"2202080601",1,4,0,0,0,0,0,0,0,0,0,0,0,0,0,0,0,0,0,0,0,0,0,0,0,0,0,0,0,0,0,0,0,0,0,0,0,0,0,0,0,"22"
"2202090101",3,7,1,1,1,0,0,0,0,0.510204081632653,0,0,0,1,0,0,0,0,0,0,0,0,0,0,0,0,0,0,0,0,0,0,0,0,0,0,0,0,0,0,0,"22"
"2202090201",1,6,0,0,0,0,0,0,0,0,0,0,0,0,0,0,0,0,0,0,0,0,0,0,0,0,0,0,0,0,0,0,0,0,0,0,0,0,0,0,0,"22"
"2202090301",1,4,0,0,0,0,0,0,0,0,0,0,0,0,0,0,0,0,0,0,0,0,0,0,0,0,0,0,0,0,0,0,0,0,0,0,0,0,0,0,0,"22"
"2202090401",12,46,1,1,1,0,0,0,0,0.241545893719807,0,0,0,0,0,0,1,0,0,0,0,0,0,0,0,0,0,0,1,0,0,0,0,0,0,0,0,0,0,0,0,"22"
"2202090501",1,4,0,0,0,0,0,0,0,0,0,0,0,0,0,0,0,0,0,0,0,0,0,0,0,0,0,0,0,0,0,0,0,0,0,0,0,0,0,0,0,"22"
"2202090601",10,39,1,1,0,0,0,1,0,0.448430493273543,0,0,0,0,0,0,0,0,0,0,0,0,0,0,0,0,0,0,0,0,1,0,1,0,0,0,0,0,0,0,0,"22"
"2202090701",4,19,1,1,0,0,0,1,0,0.3584229390681,0,0,0,0,0,0,0,0,0,0,0,0,0,0,0,0,0,0,0,1,0,0,0,0,0,0,0,0,0,0,0,"22"
"2202090801",9,18,8,8,0,0,0,8,0,2.93040293040293,0,0,0,0,0,0,0,0,0,0,0,0,0,0,0,0,0,0,2,2,7,3,4,2,5,0,0,1,0,2,0,"22"
"2202090901",0,0,0,0,0,0,0,0,0,0,0,0,0,0,0,0,0,0,0,0,0,0,0,0,0,0,0,0,0,0,0,0,0,0,0,0,0,0,0,0,0,"22"
"2202100101",0,0,0,0,0,0,0,0,0,0,0,0,0,0,0,0,0,0,0,0,0,0,0,0,0,0,0,0,0,0,0,0,0,0,0,0,0,0,0,0,0,"22"
"2202100201",2,6,0,0,0,0,0,0,0,0,0,0,0,0,0,0,0,0,0,0,0,0,0,0,0,0,0,0,0,0,0,0,0,0,0,0,0,0,0,0,0,"22"
"2202100301",31,112,11,6,5,1,0,0,0,1.51515151515152,0,0,0,3,2,0,0,1,0,0,1,0,0,0,0,0,0,0,0,0,0,0,0,0,5,0,0,0,0,0,0,"22"
"2202100401",7,24,0,0,0,0,0,0,0,0,0,0,0,0,0,0,0,0,0,0,0,0,0,0,0,0,0,0,0,0,0,0,0,0,0,0,0,0,0,0,0,"22"
"2202100501",1,2,1,1,0,0,0,1,0,0.367647058823529,0,0,0,0,0,0,0,0,0,0,0,0,0,0,0,0,0,0,0,0,0,1,1,0,0,0,0,0,0,0,0,"22"
"2202100601",41,130,2,2,2,0,0,0,0,0.947867298578199,0,0,0,2,0,0,0,0,0,0,0,0,0,0,0,0,0,0,0,0,0,0,0,1,1,0,0,0,0,0,0,"22"
"2202110101",7,25,5,5,3,2,0,0,0,1.74216027874564,0,0,0,3,0,0,0,0,0,0,2,0,0,0,0,0,0,0,0,0,0,0,0,3,4,0,0,0,0,0,0,"22"
"2202110201",46,123,15,13,11,0,0,3,0,4.2483660130719,0,0,0,11,9,0,0,0,0,0,0,0,0,0,0,0,0,0,0,0,0,3,3,4,3,0,0,0,0,0,0,"22"
"2202110301",7,14,3,3,1,1,0,1,0,0.903614457831325,0,0,0,1,0,0,0,0,0,0,1,0,0,0,0,0,0,0,0,0,0,1,1,1,1,0,0,0,0,0,0,"22"
"2202110401",1,5,3,2,0,2,0,0,0,1.17647058823529,0,0,0,0,0,0,0,2,0,0,0,0,0,0,0,0,0,0,0,0,0,0,0,2,2,0,0,0,0,0,0,"22"
"2202110501",1,5,3,3,0,0,0,3,0,0.895522388059702,0,0,0,0,0,0,0,0,0,0,0,0,0,0,0,0,0,0,0,0,0,3,0,0,0,0,0,0,0,0,0,"22"
"2202110601",6,17,6,5,2,0,0,4,0,2.34741784037559,0,0,0,0,0,0,2,0,0,0,0,0,0,0,0,0,0,0,1,0,3,1,0,2,5,0,0,0,0,0,1,"22"
"2202110701",5,11,0,0,0,0,0,0,0,0,0,0,0,0,0,0,0,0,0,0,0,0,0,0,0,0,0,0,0,0,0,0,0,0,0,0,0,0,0,0,0,"22"
"2202110801",18,67,4,3,3,0,0,0,0,1.3215859030837,0,0,0,0,3,0,0,0,0,0,0,0,0,0,0,0,0,0,0,0,0,0,0,0,0,0,0,0,0,0,0,"22"
"2202110901",37,93,19,19,15,7,0,0,0,7.98319327731092,0,0,0,10,10,0,0,0,0,0,7,0,2,0,0,0,0,0,0,0,0,0,3,10,7,0,0,0,0,0,0,"22"
"2202111001",15,50,21,18,18,0,0,0,0,8.86699507389163,0,0,0,13,18,0,0,0,0,0,0,0,0,0,0,0,0,0,0,0,0,0,1,12,10,0,0,0,0,0,0,"22"
"2202111101",22,66,11,10,6,3,0,1,0,4.5662100456621,0,0,0,1,6,0,0,2,0,0,1,0,0,0,0,0,0,0,0,0,0,1,0,2,3,0,0,0,0,0,0,"22"
"2202120101",3,11,1,1,0,0,0,1,0,0.19047619047619,0,0,0,0,0,0,0,0,0,0,0,0,0,0,0,0,0,0,0,0,1,0,0,0,0,0,0,0,0,0,0,"22"
"2202120201",0,0,0,0,0,0,0,0,0,0,0,0,0,0,0,0,0,0,0,0,0,0,0,0,0,0,0,0,0,0,0,0,0,0,0,0,0,0,0,0,0,"22"
"2202120301",0,0,0,0,0,0,0,0,0,0,0,0,0,0,0,0,0,0,0,0,0,0,0,0,0,0,0,0,0,0,0,0,0,0,0,0,0,0,0,0,0,"22"
"2202120401",0,0,0,0,0,0,0,0,0,0,0,0,0,0,0,0,0,0,0,0,0,0,0,0,0,0,0,0,0,0,0,0,0,0,0,0,0,0,0,0,0,"22"
"2202120501",1,1,0,0,0,0,0,0,0,0,0,0,0,0,0,0,0,0,0,0,0,0,0,0,0,0,0,0,0,0,0,0,0,0,0,0,0,0,0,0,0,"22"
"2202120601",0,0,0,0,0,0,0,0,0,0,0,0,0,0,0,0,0,0,0,0,0,0,0,0,0,0,0,0,0,0,0,0,0,0,0,0,0,0,0,0,0,"22"
"2202120701",1,5,3,3,3,0,0,0,0,0.58252427184466,0,0,0,0,0,0,3,0,0,0,0,0,0,0,0,3,0,0,0,0,0,0,0,0,0,0,0,0,0,0,0,"22"
"2202510101",1,2,0,0,0,0,0,0,0,0,0,0,0,0,0,0,0,0,0,0,0,0,0,0,0,0,0,0,0,0,0,0,0,0,0,0,0,0,0,0,0,"22"
"2202510201",4,11,0,0,0,0,0,0,0,0,0,0,0,0,0,0,0,0,0,0,0,0,0,0,0,0,0,0,0,0,0,0,0,0,0,0,0,0,0,0,0,"22"
"2202510301",1,3,0,0,0,0,0,0,0,0,0,0,0,0,0,0,0,0,0,0,0,0,0,0,0,0,0,0,0,0,0,0,0,0,0,0,0,0,0,0,0,"22"
"2202510401",5,13,2,1,1,0,0,0,0,0.217864923747277,0,0,0,1,0,0,0,0,0,0,0,0,0,0,0,0,0,0,0,0,0,0,1,0,0,0,0,0,0,0,0,"22"
"2202510501",1,3,0,0,0,0,0,0,0,0,0,0,0,0,0,0,0,0,0,0,0,0,0,0,0,0,0,0,0,0,0,0,0,0,0,0,0,0,0,0,0,"22"
"2202510601",19,48,18,16,0,0,0,16,0,4.43213296398892,0,0,0,0,0,7,0,0,0,0,0,0,0,0,0,0,0,0,1,0,14,3,6,5,5,0,0,0,0,3,5,"22"
"2202510701",2,5,0,0,0,0,0,0,0,0,0,0,0,0,0,0,0,0,0,0,0,0,0,0,0,0,0,0,0,0,0,0,0,0,0,0,0,0,0,0,0,"22"
"2202510801",3,8,0,0,0,0,0,0,0,0,0,0,0,0,0,0,0,0,0,0,0,0,0,0,0,0,0,0,0,0,0,0,0,0,0,0,0,0,0,0,0,"22"
"2202510901",0,0,0,0,0,0,0,0,0,0,0,0,0,0,0,0,0,0,0,0,0,0,0,0,0,0,0,0,0,0,0,0,0,0,0,0,0,0,0,0,0,"22"
"2202511001",12,30,10,9,1,0,0,9,0,3.20284697508897,1,1,0,0,0,4,0,0,0,0,0,0,0,0,0,0,0,0,0,0,7,2,3,3,1,2,0,0,0,4,4,"22"
"2202511101",1,5,2,1,0,1,0,0,0,0.215982721382289,0,0,0,0,0,0,0,1,0,0,0,0,0,0,0,0,0,0,0,0,0,0,1,0,0,0,0,0,0,0,0,"22"
"2203030101",0,0,0,0,0,0,0,0,0,0,0,0,0,0,0,0,0,0,0,0,0,0,0,0,0,0,0,0,0,0,0,0,0,0,0,0,0,0,0,0,0,"22"
"2203030201",0,0,0,0,0,0,0,0,0,0,0,0,0,0,0,0,0,0,0,0,0,0,0,0,0,0,0,0,0,0,0,0,0,0,0,0,0,0,0,0,0,"22"
"2203030301",0,0,0,0,0,0,0,0,0,0,0,0,0,0,0,0,0,0,0,0,0,0,0,0,0,0,0,0,0,0,0,0,0,0,0,0,0,0,0,0,0,"22"
"2203030401",0,0,0,0,0,0,0,0,0,0,0,0,0,0,0,0,0,0,0,0,0,0,0,0,0,0,0,0,0,0,0,0,0,0,0,0,0,0,0,0,0,"22"
"2203030501",0,0,0,0,0,0,0,0,0,0,0,0,0,0,0,0,0,0,0,0,0,0,0,0,0,0,0,0,0,0,0,0,0,0,0,0,0,0,0,0,0,"22"
"2203030601",1,1,0,0,0,0,0,0,0,0,0,0,0,0,0,0,0,0,0,0,0,0,0,0,0,0,0,0,0,0,0,0,0,0,0,0,0,0,0,0,0,"22"
"2203030701",0,0,0,0,0,0,0,0,0,0,0,0,0,0,0,0,0,0,0,0,0,0,0,0,0,0,0,0,0,0,0,0,0,0,0,0,0,0,0,0,0,"22"
"2203030801",1,1,0,0,0,0,0,0,0,0,0,0,0,0,0,0,0,0,0,0,0,0,0,0,0,0,0,0,0,0,0,0,0,0,0,0,0,0,0,0,0,"22"
"2203030901",0,0,0,0,0,0,0,0,0,0,0,0,0,0,0,0,0,0,0,0,0,0,0,0,0,0,0,0,0,0,0,0,0,0,0,0,0,0,0,0,0,"22"
"2203031001",0,0,0,0,0,0,0,0,0,0,0,0,0,0,0,0,0,0,0,0,0,0,0,0,0,0,0,0,0,0,0,0,0,0,0,0,0,0,0,0,0,"22"
"2203031101",0,0,0,0,0,0,0,0,0,0,0,0,0,0,0,0,0,0,0,0,0,0,0,0,0,0,0,0,0,0,0,0,0,0,0,0,0,0,0,0,0,"22"
"2203040101",0,0,0,0,0,0,0,0,0,0,0,0,0,0,0,0,0,0,0,0,0,0,0,0,0,0,0,0,0,0,0,0,0,0,0,0,0,0,0,0,0,"22"
"2203040201",0,0,0,0,0,0,0,0,0,0,0,0,0,0,0,0,0,0,0,0,0,0,0,0,0,0,0,0,0,0,0,0,0,0,0,0,0,0,0,0,0,"22"
"2203040301",0,0,0,0,0,0,0,0,0,0,0,0,0,0,0,0,0,0,0,0,0,0,0,0,0,0,0,0,0,0,0,0,0,0,0,0,0,0,0,0,0,"22"
"2203040401",0,0,0,0,0,0,0,0,0,0,0,0,0,0,0,0,0,0,0,0,0,0,0,0,0,0,0,0,0,0,0,0,0,0,0,0,0,0,0,0,0,"22"
"2203040501",0,0,0,0,0,0,0,0,0,0,0,0,0,0,0,0,0,0,0,0,0,0,0,0,0,0,0,0,0,0,0,0,0,0,0,0,0,0,0,0,0,"22"
"2203040601",2,6,0,0,0,0,0,0,0,0,0,0,0,0,0,0,0,0,0,0,0,0,0,0,0,0,0,0,0,0,0,0,0,0,0,0,0,0,0,0,0,"22"
"2203040701",0,0,0,0,0,0,0,0,0,0,0,0,0,0,0,0,0,0,0,0,0,0,0,0,0,0,0,0,0,0,0,0,0,0,0,0,0,0,0,0,0,"22"
"2203040801",0,0,0,0,0,0,0,0,0,0,0,0,0,0,0,0,0,0,0,0,0,0,0,0,0,0,0,0,0,0,0,0,0,0,0,0,0,0,0,0,0,"22"
"2203050101",0,0,0,0,0,0,0,0,0,0,0,0,0,0,0,0,0,0,0,0,0,0,0,0,0,0,0,0,0,0,0,0,0,0,0,0,0,0,0,0,0,"22"
"2203050201",6,23,2,2,0,1,0,2,0,0.72992700729927,0,0,0,0,0,0,0,1,0,0,0,0,0,0,0,0,0,0,0,0,1,1,0,0,1,0,0,0,0,0,0,"22"
"2203050301",1,1,1,1,0,0,0,1,0,0.909090909090909,0,0,0,0,0,0,0,0,0,0,0,0,0,0,0,0,0,0,0,0,0,1,0,0,0,0,0,0,0,0,0,"22"
"2203050401",21,56,7,5,1,3,0,1,0,2.68817204301075,0,0,0,1,0,4,0,1,0,0,3,1,0,0,0,0,0,0,0,0,1,0,0,0,3,0,0,0,0,0,0,"22"
"2203050501",5,13,1,1,0,1,0,0,0,0.543478260869565,0,0,0,0,0,1,0,1,0,0,0,0,0,0,0,0,0,0,0,0,0,0,1,1,1,0,0,0,0,0,0,"22"
"2203050601",11,35,5,5,0,0,0,5,0,2.65957446808511,0,0,0,0,0,0,0,0,0,0,0,0,0,0,0,0,0,0,0,0,5,0,0,3,3,0,0,0,0,0,0,"22"
"2203050701",8,25,7,4,1,0,0,3,0,1.99004975124378,0,0,0,0,0,0,1,0,0,0,0,0,0,0,0,0,0,0,2,0,0,3,1,1,1,0,0,0,0,1,0,"22"
"2203060101",1,5,0,0,0,0,0,0,0,0,0,0,0,0,0,0,0,0,0,0,0,0,0,0,0,0,0,0,0,0,0,0,0,0,0,0,0,0,0,0,0,"22"
"2203060201",3,5,0,0,0,0,0,0,0,0,0,0,0,0,0,0,0,0,0,0,0,0,0,0,0,0,0,0,0,0,0,0,0,0,0,0,0,0,0,0,0,"22"
"2203060401",8,14,1,0,0,0,0,0,0,0,0,0,0,0,0,0,0,0,0,0,0,0,0,0,0,0,0,0,0,0,0,0,0,0,0,0,0,0,0,0,0,"22"
"2203060501",8,24,2,1,0,0,0,1,0,0.657894736842105,0,0,0,0,0,0,0,0,0,0,0,0,0,0,0,0,0,0,0,0,1,0,0,1,1,0,0,0,0,0,0,"22"
"2203060601",9,42,2,2,0,0,0,2,0,0.531914893617021,0,0,0,0,0,0,0,0,0,0,0,0,0,0,0,0,0,0,0,0,2,0,0,0,0,0,0,0,0,0,0,"22"
"2203060701",3,5,0,0,0,0,0,0,0,0,0,0,0,0,0,0,0,0,0,0,0,0,0,0,0,0,0,0,0,0,0,0,0,0,0,0,0,0,0,0,0,"22"
"2203060801",1,3,2,1,0,0,0,1,0,5.26315789473684,0,0,0,0,0,0,0,0,0,0,0,0,0,0,0,0,0,0,0,0,1,0,0,0,0,0,0,0,0,0,0,"22"
"2203060901",41,140,17,14,7,10,0,6,0,2.88065843621399,0,0,0,0,0,6,7,0,0,0,10,0,4,2,0,0,0,0,0,0,4,3,4,8,7,2,0,0,0,3,3,"22"
"2203070101",59,125,7,7,7,0,0,0,0,5.10948905109489,0,0,0,0,0,0,7,0,0,0,0,0,0,0,0,0,0,0,0,0,0,0,5,2,1,0,0,0,0,0,0,"22"
"2203070201",0,0,0,0,0,0,0,0,0,0,0,0,0,0,0,0,0,0,0,0,0,0,0,0,0,0,0,0,0,0,0,0,0,0,0,0,0,0,0,0,0,"22"
"2203070301",6,16,2,1,1,0,0,0,0,1.05263157894737,0,0,0,0,0,0,1,0,0,0,0,0,0,0,0,0,0,0,0,0,0,0,0,0,0,0,0,0,0,0,0,"22"
"2203070401",19,53,5,4,4,0,0,0,0,7.27272727272727,0,0,0,0,0,0,4,0,0,0,0,0,0,0,0,0,0,0,0,0,0,0,4,0,0,0,0,0,0,0,0,"22"
"2203070501",35,49,1,1,1,0,0,0,0,0.709219858156028,0,0,0,0,0,0,1,0,0,0,0,0,0,0,0,0,0,0,0,0,0,0,1,0,0,0,0,0,0,0,0,"22"
"2203070601",97,146,9,8,8,0,0,0,0,3.43347639484979,0,0,0,0,0,0,8,0,0,0,0,0,0,0,0,0,0,0,0,0,0,0,8,0,0,0,0,0,0,0,0,"22"
"2203070701",39,68,3,1,1,0,0,0,0,1.47058823529412,0,0,0,0,0,0,1,0,0,0,0,0,0,0,0,0,0,0,0,0,0,0,1,0,0,0,0,0,0,0,0,"22"
"2203070801",53,180,14,7,7,0,0,0,0,2.734375,0,0,0,0,0,0,7,0,0,0,0,0,0,0,0,0,0,0,0,0,0,0,6,0,0,0,0,0,0,0,0,"22"
"2203070901",34,63,3,2,2,0,0,0,0,0.662251655629139,0,0,0,0,0,0,2,0,0,0,0,0,0,0,0,0,0,0,0,0,0,0,2,0,1,0,0,0,0,0,0,"22"
"2203071001",255,601,64,51,51,0,0,0,0,6.6147859922179,0,0,0,0,0,0,51,0,0,0,0,0,0,0,0,0,0,0,0,0,0,0,44,4,1,0,0,0,0,0,0,"22"
"2203071101",64,167,14,11,9,0,0,2,0,2.31578947368421,0,0,0,0,0,0,9,0,0,0,0,0,0,0,0,0,0,0,0,2,0,0,10,3,2,0,0,0,0,0,0,"22"
"2203071201",97,215,18,14,14,0,0,0,0,3.53535353535354,0,0,0,0,0,0,14,0,0,0,0,0,0,0,0,0,0,0,0,0,0,0,12,0,0,0,0,0,0,0,0,"22"
"2203080101",66,230,16,14,12,0,0,3,0,2.33333333333333,0,0,0,0,8,0,4,0,0,0,0,0,0,0,0,2,0,0,0,1,2,0,10,0,2,0,0,0,0,0,0,"22"
"2203080201",25,100,11,9,4,4,0,7,0,1.75438596491228,0,0,0,0,4,0,0,0,0,0,4,0,0,0,0,0,0,0,0,3,4,0,0,4,0,4,0,0,0,2,5,"22"
"2203080301",1,6,0,0,0,0,0,0,0,0,0,0,0,0,0,0,0,0,0,0,0,0,0,0,0,0,0,0,0,0,0,0,0,0,0,0,0,0,0,0,0,"22"
"2203080401",12,35,6,6,0,3,0,3,0,5,0,0,0,0,0,1,0,0,0,0,3,0,0,0,0,0,0,0,0,0,3,0,2,0,1,0,0,0,0,0,1,"22"
"2203080501",6,15,0,0,0,0,0,0,0,0,0,0,0,0,0,0,0,0,0,0,0,0,0,0,0,0,0,0,0,0,0,0,0,0,0,0,0,0,0,0,0,"22"
"2203080601",0,0,0,0,0,0,0,0,0,0,0,0,0,0,0,0,0,0,0,0,0,0,0,0,0,0,0,0,0,0,0,0,0,0,0,0,0,0,0,0,0,"22"
"2203080701",21,76,7,6,1,5,0,1,0,2.5,0,0,0,0,1,0,0,0,0,0,5,1,1,0,0,0,0,0,0,0,1,0,0,0,5,0,0,0,0,0,0,"22"
"2203080801",6,25,2,2,0,1,0,1,0,0.529100529100529,0,0,0,0,0,0,0,0,0,0,1,0,1,0,0,0,0,0,0,0,1,0,0,0,0,0,0,0,0,0,0,"22"
"2203080901",2,9,1,1,0,0,0,1,0,0.625,0,0,0,0,0,0,0,0,0,0,0,0,0,0,0,0,0,0,0,0,1,0,0,1,1,1,0,0,0,0,0,"22"
"2203081001",1,4,0,0,0,0,0,0,0,0,0,0,0,0,0,0,0,0,0,0,0,0,0,0,0,0,0,0,0,0,0,0,0,0,0,0,0,0,0,0,0,"22"
"2203081101",6,14,2,2,0,2,0,0,0,2,0,0,0,0,0,0,0,0,2,1,0,0,0,0,0,0,0,0,0,0,0,0,0,0,0,0,0,0,0,0,0,"22"
"2203081201",22,70,9,9,8,2,0,4,0,2.22772277227723,0,0,0,0,2,1,6,0,0,0,2,0,2,0,0,1,0,0,3,1,3,0,5,0,2,0,0,0,0,0,0,"22"
"2203081301",3,10,2,2,1,1,0,0,0,0.675675675675676,0,0,0,0,1,0,0,1,0,0,0,1,1,0,0,0,0,0,0,0,0,0,0,0,0,0,0,0,0,0,0,"22"
"2203081401",1,3,0,0,0,0,0,0,0,0,0,0,0,0,0,0,0,0,0,0,0,0,0,0,0,0,0,0,0,0,0,0,0,0,0,0,0,0,0,0,0,"22"
"2203081501",12,43,4,4,1,0,0,3,0,1.30293159609121,0,0,0,0,0,0,1,0,0,0,0,0,2,0,0,0,0,0,0,0,3,0,1,0,0,0,0,0,0,0,0,"22"
"2203081601",16,58,12,11,5,2,0,4,0,3.65448504983389,0,0,0,0,1,2,4,1,2,2,2,5,0,0,0,0,0,0,0,3,1,0,4,9,9,0,0,0,0,0,5,"22"
"2203081701",24,60,10,9,0,0,0,9,0,1.61579892280072,0,0,0,0,0,0,0,0,0,0,0,0,0,0,0,0,0,0,0,0,9,0,0,6,5,0,0,0,0,0,0,"22"
"2203090101",0,0,0,0,0,0,0,0,0,0,0,0,0,0,0,0,0,0,0,0,0,0,0,0,0,0,0,0,0,0,0,0,0,0,0,0,0,0,0,0,0,"22"
"2203090201",1,1,0,0,0,0,0,0,0,0,0,0,0,0,0,0,0,0,0,0,0,0,0,0,0,0,0,0,0,0,0,0,0,0,0,0,0,0,0,0,0,"22"
"2203090401",2,4,0,0,0,0,0,0,0,0,0,0,0,0,0,0,0,0,0,0,0,0,0,0,0,0,0,0,0,0,0,0,0,0,0,0,0,0,0,0,0,"22"
"2203090501",0,0,0,0,0,0,0,0,0,0,0,0,0,0,0,0,0,0,0,0,0,0,0,0,0,0,0,0,0,0,0,0,0,0,0,0,0,0,0,0,0,"22"
"2203090601",9,30,5,4,4,0,0,0,0,0.814663951120163,0,0,0,0,0,0,4,0,0,0,0,0,0,0,0,0,0,0,0,0,0,0,0,0,0,0,0,0,0,0,0,"22"
"2203090701",1,2,0,0,0,0,0,0,0,0,0,0,0,0,0,0,0,0,0,0,0,0,0,0,0,0,0,0,0,0,0,0,0,0,0,0,0,0,0,0,0,"22"
"2203090801",0,0,0,0,0,0,0,0,0,0,0,0,0,0,0,0,0,0,0,0,0,0,0,0,0,0,0,0,0,0,0,0,0,0,0,0,0,0,0,0,0,"22"
"2203090901",5,17,0,0,0,0,0,0,0,0,0,0,0,0,0,0,0,0,0,0,0,0,0,0,0,0,0,0,0,0,0,0,0,0,0,0,0,0,0,0,0,"22"
"2203091001",4,10,1,1,1,0,0,0,0,0.286532951289398,0,0,0,0,0,0,1,0,0,0,0,0,0,0,0,0,0,0,0,0,0,0,0,0,0,0,0,0,0,0,0,"22"
"2203091101",0,0,0,0,0,0,0,0,0,0,0,0,0,0,0,0,0,0,0,0,0,0,0,0,0,0,0,0,0,0,0,0,0,0,0,0,0,0,0,0,0,"22"
"2203091201",0,0,0,0,0,0,0,0,0,0,0,0,0,0,0,0,0,0,0,0,0,0,0,0,0,0,0,0,0,0,0,0,0,0,0,0,0,0,0,0,0,"22"
"2203091301",0,0,0,0,0,0,0,0,0,0,0,0,0,0,0,0,0,0,0,0,0,0,0,0,0,0,0,0,0,0,0,0,0,0,0,0,0,0,0,0,0,"22"
"2203091401",0,0,0,0,0,0,0,0,0,0,0,0,0,0,0,0,0,0,0,0,0,0,0,0,0,0,0,0,0,0,0,0,0,0,0,0,0,0,0,0,0,"22"
"2203110101",10,29,3,2,0,0,0,2,0,0.716845878136201,0,0,0,0,0,0,0,0,0,0,0,0,0,0,0,0,0,0,0,0,2,0,0,0,0,0,0,0,0,0,0,"22"
"2203110201",7,16,1,1,0,0,0,1,0,1.44927536231884,0,0,0,0,0,0,0,0,0,0,0,0,0,0,0,0,0,0,0,0,1,0,0,1,0,0,0,0,0,0,0,"22"
"2203110301",8,24,2,2,0,0,0,2,0,0.634920634920635,0,0,0,0,0,0,0,0,0,0,0,0,0,0,0,0,0,0,0,0,2,0,0,0,0,0,0,0,0,0,0,"22"
"2203110401",3,13,2,2,0,0,0,2,0,0.433839479392625,0,0,0,0,0,0,0,0,0,0,0,0,0,0,0,0,0,0,0,0,2,0,0,1,1,0,0,0,0,0,0,"22"
"2203110501",1,5,2,1,0,0,0,1,0,0.934579439252336,0,0,0,0,0,0,0,0,0,0,0,0,0,0,0,0,0,0,0,1,0,0,0,1,1,0,0,0,0,0,0,"22"
"2203110601",0,0,0,0,0,0,0,0,0,0,0,0,0,0,0,0,0,0,0,0,0,0,0,0,0,0,0,0,0,0,0,0,0,0,0,0,0,0,0,0,0,"22"
"2203110701",0,0,0,0,0,0,0,0,0,0,0,0,0,0,0,0,0,0,0,0,0,0,0,0,0,0,0,0,0,0,0,0,0,0,0,0,0,0,0,0,0,"22"
"2203110801",0,0,0,0,0,0,0,0,0,0,0,0,0,0,0,0,0,0,0,0,0,0,0,0,0,0,0,0,0,0,0,0,0,0,0,0,0,0,0,0,0,"22"
"2203110901",0,0,0,0,0,0,0,0,0,0,0,0,0,0,0,0,0,0,0,0,0,0,0,0,0,0,0,0,0,0,0,0,0,0,0,0,0,0,0,0,0,"22"
"2203111001",0,0,0,0,0,0,0,0,0,0,0,0,0,0,0,0,0,0,0,0,0,0,0,0,0,0,0,0,0,0,0,0,0,0,0,0,0,0,0,0,0,"22"
"2203120101",1,3,0,0,0,0,0,0,0,0,0,0,0,0,0,0,0,0,0,0,0,0,0,0,0,0,0,0,0,0,0,0,0,0,0,0,0,0,0,0,0,"22"
"2203120201",0,0,0,0,0,0,0,0,0,0,0,0,0,0,0,0,0,0,0,0,0,0,0,0,0,0,0,0,0,0,0,0,0,0,0,0,0,0,0,0,0,"22"
"2203120301",1,4,0,0,0,0,0,0,0,0,0,0,0,0,0,0,0,0,0,0,0,0,0,0,0,0,0,0,0,0,0,0,0,0,0,0,0,0,0,0,0,"22"
"2203120401",0,0,0,0,0,0,0,0,0,0,0,0,0,0,0,0,0,0,0,0,0,0,0,0,0,0,0,0,0,0,0,0,0,0,0,0,0,0,0,0,0,"22"
"2203120501",0,0,0,0,0,0,0,0,0,0,0,0,0,0,0,0,0,0,0,0,0,0,0,0,0,0,0,0,0,0,0,0,0,0,0,0,0,0,0,0,0,"22"
"2203120601",0,0,0,0,0,0,0,0,0,0,0,0,0,0,0,0,0,0,0,0,0,0,0,0,0,0,0,0,0,0,0,0,0,0,0,0,0,0,0,0,0,"22"
"2203130101",1,3,0,0,0,0,0,0,0,0,0,0,0,0,0,0,0,0,0,0,0,0,0,0,0,0,0,0,0,0,0,0,0,0,0,0,0,0,0,0,0,"22"
"2203130201",0,0,0,0,0,0,0,0,0,0,0,0,0,0,0,0,0,0,0,0,0,0,0,0,0,0,0,0,0,0,0,0,0,0,0,0,0,0,0,0,0,"22"
"2203130301",1,1,1,1,0,1,0,0,0,0.333333333333333,0,0,0,0,0,0,0,0,0,0,1,0,0,0,0,0,0,0,0,0,0,0,0,0,0,0,0,0,0,0,0,"22"
"2203130401",23,104,13,11,0,0,0,11,0,1.70278637770898,0,0,0,0,0,0,0,0,0,0,0,0,0,0,0,2,0,0,0,0,11,0,0,4,4,0,0,0,0,0,0,"22"
"2203130501",0,0,0,0,0,0,0,0,0,0,0,0,0,0,0,0,0,0,0,0,0,0,0,0,0,0,0,0,0,0,0,0,0,0,0,0,0,0,0,0,0,"22"
"2203130601",0,0,0,0,0,0,0,0,0,0,0,0,0,0,0,0,0,0,0,0,0,0,0,0,0,0,0,0,0,0,0,0,0,0,0,0,0,0,0,0,0,"22"
"2203130701",8,32,3,3,0,0,0,3,0,0.852272727272727,0,0,0,0,0,0,0,0,0,0,0,0,0,0,0,0,0,0,0,0,3,0,0,1,1,0,0,0,0,0,0,"22"
"2203130801",5,17,1,1,0,0,0,1,0,0.125944584382872,0,0,0,0,0,0,0,0,0,0,0,0,0,0,0,0,0,0,0,0,1,0,0,0,0,0,0,0,0,0,0,"22"
"2203130901",9,39,6,5,0,0,0,5,0,0.738552437223043,0,0,0,0,0,0,0,0,0,0,0,0,0,0,0,0,0,0,1,1,4,0,0,0,0,0,0,0,0,0,0,"22"
"2203131001",0,0,0,0,0,0,0,0,0,0,0,0,0,0,0,0,0,0,0,0,0,0,0,0,0,0,0,0,0,0,0,0,0,0,0,0,0,0,0,0,0,"22"
"2203140101",8,41,1,1,0,0,0,1,0,0.341296928327645,0,0,0,0,0,0,0,0,0,0,0,0,0,0,0,0,0,0,0,0,1,0,0,0,0,0,0,0,0,0,0,"22"
"2203140201",0,0,0,0,0,0,0,0,0,0,0,0,0,0,0,0,0,0,0,0,0,0,0,0,0,0,0,0,0,0,0,0,0,0,0,0,0,0,0,0,0,"22"
"2203140301",0,0,0,0,0,0,0,0,0,0,0,0,0,0,0,0,0,0,0,0,0,0,0,0,0,0,0,0,0,0,0,0,0,0,0,0,0,0,0,0,0,"22"
"2203140401",5,23,2,2,0,0,0,2,0,0.454545454545455,0,0,0,0,0,0,0,0,0,0,0,0,0,0,0,0,0,0,0,0,2,0,0,0,0,0,0,0,0,0,0,"22"
"2203140501",19,85,12,12,0,2,0,12,0,1.92,0,0,0,0,0,0,0,0,0,0,2,0,0,0,0,0,0,0,0,0,12,0,0,5,6,0,0,0,0,0,0,"22"
"2203140601",7,28,8,5,0,0,0,5,0,0.899280575539568,0,0,0,0,0,0,0,0,0,0,0,0,0,0,0,0,0,0,0,0,5,0,0,0,0,0,0,0,0,0,0,"22"
"2203140701",0,0,0,0,0,0,0,0,0,0,0,0,0,0,0,0,0,0,0,0,0,0,0,0,0,0,0,0,0,0,0,0,0,0,0,0,0,0,0,0,0,"22"
"2203140801",0,0,0,0,0,0,0,0,0,0,0,0,0,0,0,0,0,0,0,0,0,0,0,0,0,0,0,0,0,0,0,0,0,0,0,0,0,0,0,0,0,"22"
"2203140901",0,0,0,0,0,0,0,0,0,0,0,0,0,0,0,0,0,0,0,0,0,0,0,0,0,0,0,0,0,0,0,0,0,0,0,0,0,0,0,0,0,"22"
"2203141001",1,2,1,1,0,0,0,1,0,0.518134715025907,0,0,0,0,0,0,0,0,0,0,0,0,0,0,0,0,0,0,0,0,1,0,0,0,0,0,0,0,0,0,0,"22"
"2203240101",0,0,0,0,0,0,0,0,0,0,0,0,0,0,0,0,0,0,0,0,0,0,0,0,0,0,0,0,0,0,0,0,0,0,0,0,0,0,0,0,0,"22"
"2203240201",5,18,2,2,0,0,0,2,0,0.455580865603645,0,0,0,0,0,0,0,0,0,0,0,0,0,0,0,0,0,0,0,0,2,0,0,0,0,0,0,0,0,0,0,"22"
"2203240301",18,70,5,5,0,1,0,4,0,1.13636363636364,0,0,0,0,0,0,0,0,0,0,1,0,1,0,0,1,0,0,0,0,4,0,0,0,2,0,0,0,0,0,0,"22"
"2203240401",6,22,1,1,0,0,0,1,0,0.413223140495868,0,0,0,0,0,0,0,0,0,0,0,0,0,0,0,0,0,0,0,0,1,0,0,1,1,0,0,0,0,0,0,"22"
"2203240501",5,22,2,2,0,1,0,2,0,0.884955752212389,0,0,0,0,0,0,0,0,0,0,1,0,0,0,0,0,0,0,0,0,2,0,0,1,2,0,0,0,0,0,2,"22"
"2203240601",1,4,1,0,0,0,0,0,0,0,0,0,0,0,0,0,0,0,0,0,0,0,0,0,0,0,0,0,0,0,0,0,0,0,0,0,0,0,0,0,0,"22"
"2203240701",13,50,12,12,5,0,0,9,0,2.02020202020202,0,0,0,2,2,0,1,0,0,0,0,1,0,0,0,2,0,0,0,3,6,0,2,0,2,2,0,0,0,0,0,"22"
"2203240801",11,26,2,2,0,0,0,2,0,0.421940928270042,0,0,0,0,0,0,0,0,0,0,0,0,0,0,0,0,0,0,0,2,2,0,0,0,2,0,0,0,0,0,0,"22"
"2203240901",12,37,6,6,1,0,0,6,0,0.903614457831325,0,0,0,0,0,1,1,0,0,0,0,0,0,0,0,0,0,0,0,4,3,0,0,5,2,0,0,0,0,0,0,"22"
"2203241001",9,27,0,0,0,0,0,0,0,0,0,0,0,0,0,0,0,0,0,0,0,0,0,0,0,0,0,0,0,0,0,0,0,0,0,0,0,0,0,0,0,"22"
"2203510101",32,96,11,11,0,0,0,11,0,0.810014727540501,0,0,0,0,0,0,0,0,0,0,0,0,0,0,0,0,0,0,0,1,10,0,0,3,2,0,0,0,0,0,0,"22"
"2203510201",6,22,2,2,0,0,0,2,0,0.340715502555366,0,0,0,0,0,0,0,0,0,0,0,0,0,0,0,0,0,0,0,1,1,0,0,1,0,0,0,0,0,0,0,"22"
"2203510301",0,0,0,0,0,0,0,0,0,0,0,0,0,0,0,0,0,0,0,0,0,0,0,0,0,0,0,0,0,0,0,0,0,0,0,0,0,0,0,0,0,"22"
"2203510401",3,9,4,3,0,0,0,3,0,1.47783251231527,0,0,0,0,0,0,0,0,0,0,0,0,0,0,0,0,0,0,0,2,1,0,0,0,1,0,0,0,0,0,0,"22"
"2203510501",7,9,2,2,2,0,0,0,0,0.441501103752759,0,0,0,0,0,0,2,0,0,0,0,0,0,0,0,0,0,0,0,0,0,0,0,0,0,0,0,0,0,0,0,"22"
"2203510601",0,0,0,0,0,0,0,0,0,0,0,0,0,0,0,0,0,0,0,0,0,0,0,0,0,0,0,0,0,0,0,0,0,0,0,0,0,0,0,0,0,"22"
"2203510701",5,19,5,3,0,0,0,3,0,0.977198697068404,0,0,0,0,0,0,0,0,0,0,0,0,0,0,0,0,0,0,0,0,3,0,0,0,0,0,0,0,0,0,0,"22"
"2203510801",6,12,0,0,0,0,0,0,0,0,0,0,0,0,0,0,0,0,0,0,0,0,0,0,0,0,0,0,0,0,0,0,0,0,0,0,0,0,0,0,0,"22"
"2203520101",2,3,0,0,0,0,0,0,0,0,0,0,0,0,0,0,0,0,0,0,0,0,0,0,0,0,0,0,0,0,0,0,0,0,0,0,0,0,0,0,0,"22"
"2203520201",0,0,0,0,0,0,0,0,0,0,0,0,0,0,0,0,0,0,0,0,0,0,0,0,0,0,0,0,0,0,0,0,0,0,0,0,0,0,0,0,0,"22"
"2203520301",3,5,0,0,0,0,0,0,0,0,0,0,0,0,0,0,0,0,0,0,0,0,0,0,0,0,0,0,0,0,0,0,0,0,0,0,0,0,0,0,0,"22"
"2203520401",0,0,0,0,0,0,0,0,0,0,0,0,0,0,0,0,0,0,0,0,0,0,0,0,0,0,0,0,0,0,0,0,0,0,0,0,0,0,0,0,0,"22"
"2203520501",0,0,0,0,0,0,0,0,0,0,0,0,0,0,0,0,0,0,0,0,0,0,0,0,0,0,0,0,0,0,0,0,0,0,0,0,0,0,0,0,0,"22"
"2203530101",11,44,5,5,0,0,0,5,0,1.74825174825175,0,0,0,0,0,5,0,0,0,0,0,0,0,0,0,0,0,0,0,0,5,0,0,0,0,0,0,0,0,0,0,"22"
"2203530201",22,84,7,6,0,4,0,2,0,1.35135135135135,0,0,0,0,0,1,0,0,0,0,4,0,0,0,0,0,0,0,0,0,2,0,0,2,2,0,0,0,0,0,1,"22"
"2203530301",4,9,0,0,0,0,0,0,0,0,0,0,0,0,0,0,0,0,0,0,0,0,0,0,0,0,0,0,0,0,0,0,0,0,0,0,0,0,0,0,0,"22"
"2203530401",86,263,46,37,20,22,0,27,0,5.92,0,0,0,2,7,8,17,9,0,0,15,11,13,0,0,0,0,0,0,14,19,5,12,12,11,3,0,0,0,4,1,"22"
"2203530501",23,63,6,4,2,3,0,1,0,0.630914826498423,0,0,0,1,0,1,1,0,0,0,3,0,0,0,0,0,0,0,0,0,1,0,0,0,0,0,0,0,0,0,0,"22"
"2204010102",21,40,21,16,7,0,0,16,0,1.89125295508274,0,0,0,0,0,0,7,0,0,0,0,0,0,0,0,0,0,0,0,7,11,0,0,2,4,0,0,0,0,0,0,"22"
"2204010201",0,0,0,0,0,0,0,0,0,0,0,0,0,0,0,0,0,0,0,0,0,0,0,0,0,0,0,0,0,0,0,0,0,0,0,0,0,0,0,0,0,"22"
"2204010202",10,25,7,5,4,0,0,5,0,0.938086303939963,0,0,0,0,0,0,4,0,0,0,0,0,0,0,0,0,0,0,0,0,5,0,0,0,0,0,0,0,0,0,0,"22"
"2204010301",3,10,2,2,0,2,0,0,0,0.361663652802893,0,0,0,0,0,0,0,2,0,0,0,0,0,0,0,2,0,0,0,0,0,0,2,0,0,0,0,0,0,0,0,"22"
"2204010302",19,55,6,6,0,0,0,6,0,3.24324324324324,0,0,0,0,0,0,0,0,0,0,0,0,0,0,0,0,0,0,0,0,6,0,0,0,0,0,0,0,0,0,0,"22"
"2204010401",24,94,19,17,13,0,0,17,0,1.6052880075543,0,0,0,0,0,0,13,0,0,0,0,0,0,0,0,0,0,0,0,0,17,0,0,0,0,0,0,0,0,0,0,"22"
"2204010501",2,4,1,1,1,0,0,1,0,0.136425648021828,0,0,0,0,0,0,1,0,0,0,0,0,0,0,0,0,0,0,0,0,1,0,0,0,0,0,0,0,0,0,0,"22"
"2204010601",2,8,0,0,0,0,0,0,0,0,0,0,0,0,0,0,0,0,0,0,0,0,0,0,0,0,0,0,0,0,0,0,0,0,0,0,0,0,0,0,0,"22"
"2204010602",5,11,2,2,1,0,0,2,0,0.33955857385399,0,0,0,0,0,0,1,0,0,0,0,0,0,0,0,0,0,0,0,0,2,0,0,0,0,0,0,0,0,0,0,"22"
"2204010701",4,4,1,1,1,0,0,0,0,0.267379679144385,0,0,0,0,1,0,0,0,0,0,0,0,0,0,0,0,0,0,0,0,0,0,1,0,0,0,0,0,0,0,0,"22"
"2204010702",6,15,2,1,1,0,0,1,0,0.383141762452107,0,0,0,0,0,0,1,0,0,0,0,0,0,0,0,0,0,0,0,0,1,0,0,1,1,0,0,0,0,0,0,"22"
"2204010802",2,7,0,0,0,0,0,0,0,0,0,0,0,0,0,0,0,0,0,0,0,0,0,0,0,0,0,0,0,0,0,0,0,0,0,0,0,0,0,0,0,"22"
"2204010901",0,0,0,0,0,0,0,0,0,0,0,0,0,0,0,0,0,0,0,0,0,0,0,0,0,0,0,0,0,0,0,0,0,0,0,0,0,0,0,0,0,"22"
"2204020101",4,16,2,2,0,0,0,2,0,0.416666666666667,0,0,0,0,0,0,0,0,0,0,0,0,0,0,0,0,0,0,0,0,2,0,0,0,0,0,0,0,0,0,0,"22"
"2204020102",4,9,0,0,0,0,0,0,0,0,0,0,0,0,0,0,0,0,0,0,0,0,0,0,0,0,0,0,0,0,0,0,0,0,0,0,0,0,0,0,0,"22"
"2204020201",5,14,1,1,1,0,0,0,0,0.574712643678161,0,0,0,0,0,0,1,0,0,0,0,0,0,0,0,1,0,0,0,0,0,0,1,1,1,0,0,0,0,0,0,"22"
"2204020202",7,19,1,1,0,0,0,1,0,0.381679389312977,0,0,0,0,0,0,0,0,0,0,0,0,0,0,0,0,0,0,0,0,1,0,0,0,0,0,0,0,0,0,0,"22"
"2204020301",3,9,0,0,0,0,0,0,0,0,0,0,0,0,0,0,0,0,0,0,0,0,0,0,0,0,0,0,0,0,0,0,0,0,0,0,0,0,0,0,0,"22"
"2204020401",13,52,17,15,0,0,0,15,0,1.95058517555267,0,0,0,0,0,0,0,0,0,0,0,0,0,0,0,0,0,0,0,0,15,0,4,3,1,0,0,0,0,0,0,"22"
"2204020501",41,121,13,13,5,1,0,10,0,2.08333333333333,0,0,0,0,5,0,0,1,0,0,0,0,0,0,0,0,0,0,1,3,7,0,4,6,6,1,0,0,0,0,0,"22"
"2204020601",6,9,1,1,1,0,0,0,0,0.625,0,0,0,0,0,0,1,0,0,0,0,0,0,0,0,0,0,0,0,0,0,0,1,0,1,0,0,0,0,0,0,"22"
"2204020602",5,15,6,6,1,0,0,6,0,2.18978102189781,0,0,0,0,0,0,1,0,0,0,0,0,0,0,0,0,0,0,0,0,6,0,0,0,0,0,0,0,0,0,0,"22"
"2204020701",8,31,12,10,2,2,0,8,0,2.9940119760479,0,0,0,0,0,0,2,0,0,0,2,0,6,0,0,0,0,0,0,0,8,0,4,4,4,2,0,0,0,0,0,"22"
"2204020801",11,35,9,9,1,0,0,9,0,2.79503105590062,0,0,0,0,0,0,1,0,0,0,0,0,0,0,0,0,0,0,0,0,9,0,3,3,4,0,0,0,0,0,0,"22"
"2204020901",12,46,5,5,2,0,0,5,0,1.01626016260163,0,0,0,0,0,0,2,0,0,0,0,0,0,0,0,1,0,0,0,0,5,0,3,2,1,0,0,0,0,0,0,"22"
"2204021001",22,70,13,12,0,0,0,12,0,3,0,0,0,0,0,0,0,0,0,0,0,0,0,0,0,0,0,0,0,0,12,0,4,4,5,0,0,0,0,0,0,"22"
"2204021101",0,0,0,0,0,0,0,0,0,0,0,0,0,0,0,0,0,0,0,0,0,0,0,0,0,0,0,0,0,0,0,0,0,0,0,0,0,0,0,0,0,"22"
"2204021201",2,5,1,1,1,0,0,1,0,0.396825396825397,0,0,0,0,0,0,1,0,0,0,0,0,0,0,0,0,0,0,0,0,1,0,1,0,0,0,0,0,0,0,0,"22"
"2204021301",7,21,2,2,0,0,0,2,0,0.632911392405063,0,0,0,0,0,0,0,0,0,0,0,0,0,0,0,0,0,0,0,0,2,0,2,1,1,0,0,0,0,0,0,"22"
"2204040101",38,172,45,39,8,10,0,32,0,5.30612244897959,0,0,0,3,3,7,2,4,0,0,7,0,2,0,0,5,0,0,0,13,18,11,35,24,23,0,0,0,0,0,0,"22"
"2204040201",48,186,37,32,11,0,0,30,0,4.63096960926194,0,0,0,0,0,12,11,0,0,0,0,0,0,0,0,0,0,0,2,2,28,0,13,19,9,16,0,0,0,9,5,"22"
"2204040301",49,128,43,41,1,0,0,41,0,5.80736543909348,0,0,0,0,0,0,1,0,0,0,0,0,0,0,0,1,0,0,4,5,32,4,25,3,7,0,0,0,0,0,0,"22"
"2204040401",29,127,31,31,0,0,0,31,0,3.07845084409136,0,0,0,0,0,0,0,0,0,0,0,0,0,0,0,1,0,0,1,2,4,27,31,14,22,0,0,0,0,0,0,"22"
"2204040501",17,47,14,14,0,0,0,14,0,1.96078431372549,0,0,0,0,0,0,0,0,0,0,0,0,0,0,0,4,0,0,0,0,3,14,3,0,0,0,0,0,0,0,0,"22"
"2204040601",103,406,96,81,50,47,0,56,0,10.3448275862069,0,0,0,15,33,27,24,13,20,1,40,24,36,0,0,1,0,0,14,32,35,14,71,39,53,0,0,0,0,0,6,"22"
"2204040701",41,170,23,17,0,6,0,12,0,3.125,0,0,0,0,0,4,0,3,1,0,3,1,2,0,0,0,0,0,0,1,10,2,17,10,11,2,0,0,0,1,0,"22"
"2204040801",6,24,0,0,0,0,0,0,0,0,0,0,0,0,0,0,0,0,0,0,0,0,0,0,0,0,0,0,0,0,0,0,0,0,0,0,0,0,0,0,0,"22"
"2204040901",39,129,25,20,0,1,0,19,0,6.73400673400673,0,0,0,0,0,0,0,0,1,0,0,0,0,0,0,0,0,0,2,14,6,2,1,16,5,0,0,0,0,0,0,"22"
"2204041001",43,137,36,36,4,7,0,32,0,5.8252427184466,0,0,0,3,4,3,0,3,2,0,4,4,0,0,0,1,0,0,3,12,9,21,28,15,19,0,0,0,0,0,2,"22"
"2204090101",10,27,6,6,2,4,0,4,0,1.39211136890951,0,0,0,2,1,0,0,0,0,0,4,1,1,0,0,0,0,0,0,2,2,0,6,3,4,0,0,0,0,0,0,"22"
"2204090201",51,220,46,44,9,33,0,15,0,10.6537530266344,0,0,0,2,7,8,0,7,3,4,33,0,0,0,0,8,0,0,3,8,10,0,37,22,21,0,3,0,0,0,11,"22"
"2204090301",46,203,28,26,0,0,0,26,0,2.61569416498994,0,0,0,0,0,0,0,0,0,0,0,0,0,0,0,3,0,0,0,11,14,2,26,0,0,0,0,0,0,0,0,"22"
"2204090401",165,671,180,160,81,144,0,56,0,19.6319018404908,0,0,0,17,79,6,1,9,7,7,144,16,75,0,0,29,0,0,3,43,27,1,122,31,41,0,0,0,0,2,22,"22"
"2204090501",31,116,11,10,3,8,0,0,0,6.36942675159236,0,0,0,0,3,0,0,0,0,0,8,0,0,0,0,3,0,0,6,0,0,0,8,7,7,1,0,0,0,0,0,"22"
"2204090601",0,0,0,0,0,0,0,0,0,0,0,0,0,0,0,0,0,0,0,0,0,0,0,0,0,0,0,0,0,0,0,0,0,0,0,0,0,0,0,0,0,"22"
"2204090701",0,0,0,0,0,0,0,0,0,0,0,0,0,0,0,0,0,0,0,0,0,0,0,0,0,0,0,0,0,0,0,0,0,0,0,0,0,0,0,0,0,"22"
"2204090801",3,11,0,0,0,0,0,0,0,0,0,0,0,0,0,0,0,0,0,0,0,0,0,0,0,0,0,0,0,0,0,0,0,0,0,0,0,0,0,0,0,"22"
"2204100101",5,6,1,1,1,0,0,0,0,0.159235668789809,0,0,0,0,0,0,1,0,0,0,0,0,0,0,0,0,0,0,0,0,0,0,1,0,0,0,0,0,0,0,0,"22"
"2204100201",0,0,0,0,0,0,0,0,0,0,0,0,0,0,0,0,0,0,0,0,0,0,0,0,0,0,0,0,0,0,0,0,0,0,0,0,0,0,0,0,0,"22"
"2204100301",24,86,8,7,4,2,0,5,0,2.7027027027027,0,0,0,2,4,2,1,2,0,0,2,0,4,0,0,0,0,0,0,1,4,0,4,3,3,0,0,0,0,0,0,"22"
"2204100401",2,4,1,1,1,0,0,0,0,0.22271714922049,0,0,0,0,1,0,0,0,0,0,0,0,0,0,0,0,0,0,0,0,0,0,0,0,0,0,0,0,0,0,0,"22"
"2204100501",3,7,2,2,2,0,0,2,0,0.323101777059774,0,0,0,0,0,0,2,0,0,0,0,0,0,0,0,0,0,0,0,0,2,0,0,0,0,0,0,0,0,0,0,"22"
"2204100601",19,59,4,4,4,0,0,4,0,1,0,0,0,0,0,0,4,0,0,0,0,0,0,0,0,0,0,0,0,0,4,0,0,0,0,0,0,0,0,0,0,"22"
"2204100701",12,41,1,1,0,0,0,1,0,0.341296928327645,0,0,0,0,0,0,0,0,0,0,0,0,0,0,0,0,0,0,0,0,1,0,0,1,0,0,0,0,0,0,0,"22"
"2205010101",2,8,3,2,0,0,0,2,0,0.286123032904149,0,0,0,0,0,0,0,0,0,0,0,0,0,0,0,0,0,0,0,0,0,2,1,0,0,1,0,0,0,0,0,"22"
"2205010102",2,5,2,2,0,0,0,2,0,0.806451612903226,0,0,0,0,0,0,0,0,0,0,0,0,0,0,0,0,0,0,0,0,0,2,0,1,1,0,0,0,0,0,0,"22"
"2205010103",57,152,26,22,4,21,0,7,0,8.83534136546185,0,0,0,1,3,5,2,11,0,0,19,3,4,0,1,0,0,0,0,4,5,0,11,5,8,4,0,0,2,2,2,"22"
"2205010104",0,0,0,0,0,0,0,0,0,0,0,0,0,0,0,0,0,0,0,0,0,0,0,0,0,0,0,0,0,0,0,0,0,0,0,0,0,0,0,0,0,"22"
"2205010105",9,25,5,5,0,0,0,5,0,2.24215246636771,0,0,0,0,0,0,0,0,0,0,0,0,0,0,0,0,0,0,0,3,2,0,0,0,0,0,0,0,0,0,0,"22"
"2205010201",0,0,0,0,0,0,0,0,0,0,0,0,0,0,0,0,0,0,0,0,0,0,0,0,0,0,0,0,0,0,0,0,0,0,0,0,0,0,0,0,0,"22"
"2205010301",1,1,0,0,0,0,0,0,0,0,0,0,0,0,0,0,0,0,0,0,0,0,0,0,0,0,0,0,0,0,0,0,0,0,0,0,0,0,0,0,0,"22"
"2205010401",1,2,1,1,0,0,0,1,0,0.348432055749129,0,0,0,0,0,0,0,0,0,0,0,0,0,0,0,0,0,0,0,0,0,1,0,1,1,0,0,0,0,0,0,"22"
"2205010501",2,5,0,0,0,0,0,0,0,0,0,0,0,0,0,0,0,0,0,0,0,0,0,0,0,0,0,0,0,0,0,0,0,0,0,0,0,0,0,0,0,"22"
"2205010601",1,8,1,1,1,0,0,0,0,0.404858299595142,0,0,0,1,0,0,0,0,0,0,0,0,0,0,0,0,0,0,0,0,0,0,0,0,0,0,0,0,0,0,0,"22"
"2205010701",10,28,4,4,4,0,0,2,0,0.97799511002445,0,0,0,0,0,0,4,0,0,0,0,0,0,0,0,0,0,0,0,0,0,2,4,2,2,0,0,0,0,0,0,"22"
"2205010801",4,15,7,6,0,0,0,6,0,2.47933884297521,0,0,0,0,0,0,0,0,0,0,0,0,0,0,0,0,0,0,0,0,0,6,0,6,6,0,0,0,0,0,0,"22"
"2205010901",0,0,0,0,0,0,0,0,0,0,0,0,0,0,0,0,0,0,0,0,0,0,0,0,0,0,0,0,0,0,0,0,0,0,0,0,0,0,0,0,0,"22"
"2205011001",0,0,0,0,0,0,0,0,0,0,0,0,0,0,0,0,0,0,0,0,0,0,0,0,0,0,0,0,0,0,0,0,0,0,0,0,0,0,0,0,0,"22"
"2205020101",0,0,0,0,0,0,0,0,0,0,0,0,0,0,0,0,0,0,0,0,0,0,0,0,0,0,0,0,0,0,0,0,0,0,0,0,0,0,0,0,0,"22"
"2205020201",2,5,3,3,0,0,0,3,0,1.44927536231884,0,0,0,0,0,0,0,0,0,0,0,0,0,0,0,0,0,0,0,0,0,3,3,0,0,0,0,0,0,0,0,"22"
"2205020301",5,24,4,4,0,0,0,4,0,1.32013201320132,0,0,0,0,0,0,0,0,0,0,0,0,0,0,0,0,0,0,0,0,1,3,0,1,1,0,0,0,0,0,0,"22"
"2205020401",1,3,0,0,0,0,0,0,0,0,0,0,0,0,0,0,0,0,0,0,0,0,0,0,0,0,0,0,0,0,0,0,0,0,0,0,0,0,0,0,0,"22"
"2205020501",1,3,0,0,0,0,0,0,0,0,0,0,0,0,0,0,0,0,0,0,0,0,0,0,0,0,0,0,0,0,0,0,0,0,0,0,0,0,0,0,0,"22"
"2205020601",2,4,1,1,0,0,0,1,0,0.423728813559322,0,0,0,0,0,0,0,0,0,0,0,0,0,0,0,0,0,0,0,0,0,1,0,0,0,0,0,0,0,0,0,"22"
"2205020701",0,0,0,0,0,0,0,0,0,0,0,0,0,0,0,0,0,0,0,0,0,0,0,0,0,0,0,0,0,0,0,0,0,0,0,0,0,0,0,0,0,"22"
"2205020801",1,2,0,0,0,0,0,0,0,0,0,0,0,0,0,0,0,0,0,0,0,0,0,0,0,0,0,0,0,0,0,0,0,0,0,0,0,0,0,0,0,"22"
"2205030101",4,10,7,6,0,0,0,6,0,1.17878192534381,0,0,0,0,0,0,0,0,0,0,0,0,0,0,0,0,0,0,0,1,0,5,0,3,3,0,0,0,0,0,0,"22"
"2205030201",3,8,1,1,0,0,0,1,0,0.241545893719807,0,0,0,0,0,0,0,0,0,0,0,0,0,0,0,0,0,0,0,0,0,1,0,0,0,0,0,0,0,0,0,"22"
"2205030301",3,6,4,3,0,0,0,3,0,1.25523012552301,0,0,0,0,0,0,0,0,0,0,0,0,0,0,0,0,0,0,0,0,0,3,0,0,1,0,0,0,0,0,0,"22"
"2205030401",0,0,0,0,0,0,0,0,0,0,0,0,0,0,0,0,0,0,0,0,0,0,0,0,0,0,0,0,0,0,0,0,0,0,0,0,0,0,0,0,0,"22"
"2205030501",3,14,1,1,0,0,0,1,0,0.209205020920502,0,0,0,0,0,0,0,0,0,0,0,0,0,0,0,0,0,0,0,0,0,1,0,0,0,0,0,0,0,0,0,"22"
"2205030601",2,8,3,3,0,0,0,3,0,0.454545454545455,0,0,0,0,0,0,0,0,0,0,0,0,0,0,0,0,0,0,0,0,0,3,0,0,0,0,0,0,0,0,0,"22"
"2205030701",1,4,0,0,0,0,0,0,0,0,0,0,0,0,0,0,0,0,0,0,0,0,0,0,0,0,0,0,0,0,0,0,0,0,0,0,0,0,0,0,0,"22"
"2205030801",2,10,3,2,0,0,0,2,0,0.416666666666667,0,0,0,0,0,0,0,0,0,0,0,0,0,0,0,0,0,0,0,0,0,2,0,0,0,0,0,0,0,0,0,"22"
"2205030901",0,0,0,0,0,0,0,0,0,0,0,0,0,0,0,0,0,0,0,0,0,0,0,0,0,0,0,0,0,0,0,0,0,0,0,0,0,0,0,0,0,"22"
"2205031001",5,13,6,6,0,0,0,6,0,2.46913580246914,0,0,0,0,0,0,0,0,0,0,0,0,0,0,0,0,0,0,0,0,0,6,0,1,1,0,0,0,0,0,0,"22"
"2205031101",3,9,3,2,0,1,0,1,0,0.675675675675676,0,0,0,0,0,0,0,0,0,0,1,0,0,0,0,1,0,0,0,0,0,1,0,0,0,0,0,0,0,0,0,"22"
"2205031201",3,9,2,2,0,2,0,0,0,0.498753117206983,0,0,0,0,0,0,0,0,0,1,1,0,1,0,0,0,0,0,0,0,0,0,0,0,0,0,0,0,0,0,0,"22"
"2205040101",6,26,1,1,0,0,0,1,0,0.308641975308642,0,0,0,0,0,0,0,0,0,0,0,0,0,0,0,0,0,0,0,0,1,0,0,0,0,0,0,0,0,0,0,"22"
"2205040201",12,36,2,1,0,0,0,1,0,0.325732899022801,0,0,0,0,0,0,0,0,0,0,0,0,0,0,0,0,0,0,0,0,1,0,0,1,1,0,0,0,0,0,0,"22"
"2205040301",2,8,1,0,0,0,0,0,0,0,0,0,0,0,0,0,0,0,0,0,0,0,0,0,0,0,0,0,0,0,0,0,0,0,0,0,0,0,0,0,0,"22"
"2205040401",4,6,0,0,0,0,0,0,0,0,0,0,0,0,0,0,0,0,0,0,0,0,0,0,0,0,0,0,0,0,0,0,0,0,0,0,0,0,0,0,0,"22"
"2205040501",18,71,7,6,0,0,0,6,0,2.16606498194946,0,0,0,0,0,0,0,0,0,0,0,0,0,0,0,0,0,0,0,1,4,1,0,1,0,4,0,0,0,0,0,"22"
"2205040601",6,17,1,0,0,0,0,0,0,0,0,0,0,0,0,0,0,0,0,0,0,0,0,0,0,0,0,0,0,0,0,0,0,0,0,0,0,0,0,0,0,"22"
"2205040701",0,0,0,0,0,0,0,0,0,0,0,0,0,0,0,0,0,0,0,0,0,0,0,0,0,0,0,0,0,0,0,0,0,0,0,0,0,0,0,0,0,"22"
"2205040801",17,64,3,3,1,0,0,3,0,0.795755968169761,0,0,0,0,0,1,1,0,0,0,0,0,0,0,0,0,0,0,0,1,3,0,0,3,1,0,0,0,0,0,0,"22"
"2205040901",17,60,12,10,8,3,0,1,0,3.71747211895911,0,0,0,0,1,0,7,0,0,0,3,0,0,0,0,2,0,0,0,0,1,1,0,3,9,0,0,0,0,0,0,"22"
"2205041001",54,197,7,7,1,1,0,6,0,1.47058823529412,0,0,0,1,0,0,0,0,0,0,1,0,0,0,0,0,0,0,2,3,3,1,0,4,7,0,0,0,0,0,0,"22"
"2205041101",2,7,0,0,0,0,0,0,0,0,0,0,0,0,0,0,0,0,0,0,0,0,0,0,0,0,0,0,0,0,0,0,0,0,0,0,0,0,0,0,0,"22"
"2205041201",0,0,0,0,0,0,0,0,0,0,0,0,0,0,0,0,0,0,0,0,0,0,0,0,0,0,0,0,0,0,0,0,0,0,0,0,0,0,0,0,0,"22"
"2205060101",1,1,0,0,0,0,0,0,0,0,0,0,0,0,0,0,0,0,0,0,0,0,0,0,0,0,0,0,0,0,0,0,0,0,0,0,0,0,0,0,0,"22"
"2205060201",0,0,0,0,0,0,0,0,0,0,0,0,0,0,0,0,0,0,0,0,0,0,0,0,0,0,0,0,0,0,0,0,0,0,0,0,0,0,0,0,0,"22"
"2205060301",0,0,0,0,0,0,0,0,0,0,0,0,0,0,0,0,0,0,0,0,0,0,0,0,0,0,0,0,0,0,0,0,0,0,0,0,0,0,0,0,0,"22"
"2205060401",0,0,0,0,0,0,0,0,0,0,0,0,0,0,0,0,0,0,0,0,0,0,0,0,0,0,0,0,0,0,0,0,0,0,0,0,0,0,0,0,0,"22"
"2205060501",0,0,0,0,0,0,0,0,0,0,0,0,0,0,0,0,0,0,0,0,0,0,0,0,0,0,0,0,0,0,0,0,0,0,0,0,0,0,0,0,0,"22"
"2205060601",1,2,1,1,0,0,0,1,0,0.289017341040462,0,0,0,0,0,0,0,0,0,0,0,0,0,0,0,0,0,0,0,0,0,1,0,0,0,0,0,0,0,0,0,"22"
"2205060701",1,4,0,0,0,0,0,0,0,0,0,0,0,0,0,0,0,0,0,0,0,0,0,0,0,0,0,0,0,0,0,0,0,0,0,0,0,0,0,0,0,"22"
"2205060801",2,2,0,0,0,0,0,0,0,0,0,0,0,0,0,0,0,0,0,0,0,0,0,0,0,0,0,0,0,0,0,0,0,0,0,0,0,0,0,0,0,"22"
"2205060901",0,0,0,0,0,0,0,0,0,0,0,0,0,0,0,0,0,0,0,0,0,0,0,0,0,0,0,0,0,0,0,0,0,0,0,0,0,0,0,0,0,"22"
"2205080101",56,182,21,17,11,13,0,2,0,4.08653846153846,0,0,0,0,10,4,2,0,0,0,13,0,2,0,0,0,0,0,2,1,2,0,0,4,4,5,0,0,0,0,1,"22"
"2205080201",5,13,2,2,0,0,0,2,0,0.305810397553517,0,0,0,0,0,0,0,0,0,0,0,0,0,0,0,0,0,0,2,0,0,2,0,0,2,0,0,0,0,0,0,"22"
"2205080301",29,90,12,11,0,0,0,11,0,2.42290748898678,0,0,0,0,0,0,0,0,0,0,0,0,0,0,0,0,0,0,0,6,5,0,0,1,3,1,0,0,0,0,0,"22"
"2205080401",13,39,7,7,4,2,0,5,0,2.31788079470199,0,0,0,0,0,4,4,0,0,0,2,0,0,0,0,2,0,0,2,2,3,0,0,0,0,5,0,0,0,0,0,"22"
"2205080501",42,150,26,18,7,12,0,6,0,5.75079872204473,0,0,0,0,1,1,6,0,1,1,12,1,1,0,0,1,0,0,0,0,4,3,0,6,3,1,0,0,0,0,6,"22"
"2205080601",4,6,3,3,0,0,0,3,0,0.379266750948167,0,0,0,0,0,0,0,0,0,0,0,0,0,0,0,0,0,0,0,0,0,3,0,0,0,0,0,0,0,0,0,"22"
"2205080701",1,2,1,0,0,0,0,0,0,0,0,0,0,0,0,0,0,0,0,0,0,0,0,0,0,0,0,0,0,0,0,0,0,0,0,0,0,0,0,0,0,"22"
"2205080801",0,0,0,0,0,0,0,0,0,0,0,0,0,0,0,0,0,0,0,0,0,0,0,0,0,0,0,0,0,0,0,0,0,0,0,0,0,0,0,0,0,"22"
"2206010101",3,8,2,2,0,1,0,1,0,0.319488817891374,0,0,0,0,0,0,0,0,0,0,1,0,0,0,0,0,0,0,0,0,0,1,0,1,0,0,0,0,0,0,0,"22"
"2206010201",25,50,17,14,14,1,0,1,0,1.85430463576159,0,0,0,0,0,0,14,1,0,0,0,0,0,0,0,0,0,0,0,1,0,1,4,4,5,3,0,0,0,0,0,"22"
"2206010301",8,9,4,4,4,0,0,0,0,1.0126582278481,0,0,0,0,0,0,4,0,0,0,0,0,0,0,0,0,0,0,0,0,0,0,2,0,0,1,0,0,0,0,0,"22"
"2206010401",4,5,4,3,0,0,0,3,0,1.16279069767442,0,0,0,0,0,0,0,0,0,0,0,0,0,0,0,0,0,0,0,0,0,3,1,0,1,0,0,0,0,0,0,"22"
"2206010501",7,20,6,6,0,0,0,6,0,1.75438596491228,0,0,0,0,0,0,0,0,0,0,0,0,0,0,0,0,0,0,0,0,0,6,2,2,4,2,0,0,0,0,0,"22"
"2206010601",11,44,13,10,0,3,0,7,0,2.61096605744125,0,0,0,0,0,0,0,0,0,0,3,0,0,0,0,1,0,0,0,0,0,7,1,0,1,0,0,0,0,0,0,"22"
"2206010701",4,14,1,1,1,0,0,0,0,0.45662100456621,0,0,0,1,1,0,0,0,0,0,0,0,0,0,0,0,0,0,0,0,0,0,0,1,1,0,0,0,0,0,0,"22"
"2206010801",0,0,0,0,0,0,0,0,0,0,0,0,0,0,0,0,0,0,0,0,0,0,0,0,0,0,0,0,0,0,0,0,0,0,0,0,0,0,0,0,0,"22"
"2206010901",3,7,5,4,0,0,0,4,0,3.1496062992126,0,0,0,0,0,0,0,0,0,0,0,0,0,0,0,0,0,0,0,0,0,4,1,0,0,0,0,0,0,0,0,"22"
"2206011001",3,15,8,8,0,0,0,8,0,3.52422907488987,0,0,0,0,0,0,0,0,0,0,0,0,0,0,0,0,0,0,0,5,5,3,1,2,0,0,0,0,0,0,0,"22"
"2206011101",36,99,20,15,3,7,0,8,0,7.28155339805825,0,0,0,2,1,3,0,0,0,0,7,0,4,0,0,0,0,0,0,2,8,0,0,9,7,3,0,0,0,0,0,"22"
"2206011201",21,73,11,8,2,2,0,7,0,3.2520325203252,0,0,0,0,1,0,1,2,0,0,0,0,1,0,0,0,0,0,0,2,6,1,3,2,4,0,1,0,0,0,1,"22"
"2206011301",30,120,30,27,1,3,0,25,0,3.46153846153846,0,0,0,0,1,1,0,1,0,0,3,0,1,0,0,1,0,0,0,12,20,0,0,13,11,0,0,0,0,0,0,"22"
"2206011401",1,5,0,0,0,0,0,0,0,0,0,0,0,0,0,0,0,0,0,0,0,0,0,0,0,0,0,0,0,0,0,0,0,0,0,0,0,0,0,0,0,"22"
"2206011501",36,119,30,24,0,2,0,23,0,10.3448275862069,0,0,0,0,0,0,0,2,0,0,1,0,0,0,0,0,0,0,0,6,21,0,5,8,10,0,0,0,0,0,0,"22"
"2206011601",32,162,51,42,0,0,0,42,0,9.41704035874439,0,0,0,0,0,0,0,0,0,0,0,0,0,0,0,1,0,0,0,19,33,0,19,4,27,0,0,0,0,0,0,"22"
"2206020101",22,52,23,21,0,0,0,21,0,9.1703056768559,0,0,0,0,0,0,0,0,0,0,0,0,0,0,0,0,0,0,0,1,21,2,3,0,0,0,0,0,0,0,0,"22"
"2206020201",12,45,14,10,0,0,0,10,0,4.44444444444444,0,0,0,0,0,0,0,0,0,0,0,0,0,0,0,0,0,0,0,1,9,0,0,6,2,0,0,0,0,0,0,"22"
"2206020301",3,9,4,3,0,0,0,3,0,1.49253731343284,0,0,0,0,0,0,0,0,0,0,0,0,0,0,0,0,0,0,0,0,3,0,0,0,0,0,0,0,0,0,0,"22"
"2206020401",13,37,13,8,0,0,0,8,0,2.5,0,0,0,0,0,0,0,0,0,0,0,0,0,0,0,0,0,0,0,0,8,0,1,3,1,0,0,0,0,0,0,"22"
"2206020501",3,9,2,2,0,0,0,2,0,0.452488687782805,0,0,0,0,0,0,0,0,0,0,0,0,0,0,0,0,0,0,0,0,0,2,0,0,0,0,0,0,0,0,0,"22"
"2206020601",23,76,28,25,0,0,0,25,0,6.49350649350649,0,0,0,0,0,0,0,0,0,0,0,0,0,0,0,0,0,0,0,2,23,0,1,4,0,0,0,0,0,0,0,"22"
"2206020701",0,0,0,0,0,0,0,0,0,0,0,0,0,0,0,0,0,0,0,0,0,0,0,0,0,0,0,0,0,0,0,0,0,0,0,0,0,0,0,0,0,"22"
"2206030101",6,8,2,2,2,0,0,0,0,0.609756097560976,0,0,0,0,0,0,2,0,0,0,0,0,0,0,0,0,0,0,0,0,0,0,1,0,1,0,0,0,0,0,0,"22"
"2206030201",0,0,0,0,0,0,0,0,0,0,0,0,0,0,0,0,0,0,0,0,0,0,0,0,0,0,0,0,0,0,0,0,0,0,0,0,0,0,0,0,0,"22"
"2206030301",4,5,4,4,4,0,0,0,0,1.37931034482759,0,0,0,0,0,0,4,0,0,0,0,0,0,0,0,0,0,0,0,0,0,0,1,0,1,0,0,0,0,0,0,"22"
"2206030401",4,12,2,2,0,2,0,0,0,0.819672131147541,0,0,0,0,0,0,0,0,0,0,2,0,0,0,0,0,0,0,0,0,0,0,0,0,0,0,0,0,0,0,0,"22"
"2206030501",9,12,3,2,0,0,0,2,0,0.869565217391304,0,0,0,0,0,0,0,0,0,0,0,0,0,0,0,0,0,0,0,0,1,1,1,0,0,0,0,0,0,0,0,"22"
"2206030601",1,4,0,0,0,0,0,0,0,0,0,0,0,0,0,0,0,0,0,0,0,0,0,0,0,0,0,0,0,0,0,0,0,0,0,0,0,0,0,0,0,"22"
"2206030701",1,3,1,1,0,0,0,1,0,0.188679245283019,0,0,0,0,0,0,0,0,0,0,0,0,0,0,0,0,0,0,0,0,1,0,1,1,1,0,0,0,0,0,0,"22"
"2206030801",0,0,0,0,0,0,0,0,0,0,0,0,0,0,0,0,0,0,0,0,0,0,0,0,0,0,0,0,0,0,0,0,0,0,0,0,0,0,0,0,0,"22"
"2206030901",2,4,1,1,1,0,0,0,0,0.277008310249307,0,0,0,0,0,0,1,0,0,0,0,0,0,0,0,0,0,0,0,0,0,0,0,1,0,0,0,0,0,0,0,"22"
"2206031001",3,5,2,2,0,0,0,2,0,0.701754385964912,0,0,0,0,0,0,0,0,0,0,0,0,0,0,0,0,0,0,0,0,0,2,0,0,0,0,0,0,0,0,0,"22"
"2206040101",4,21,4,4,0,0,0,4,0,0.632911392405063,0,0,0,0,0,0,0,0,0,0,0,0,3,3,0,0,0,0,0,3,1,0,3,3,3,3,0,0,0,0,0,"22"
"2206040201",5,25,7,6,2,0,0,4,0,5.76923076923077,0,0,0,0,0,4,2,0,0,0,0,0,0,0,0,0,0,0,4,2,0,2,0,0,0,0,0,0,0,0,0,"22"
"2206040301",0,0,0,0,0,0,0,0,0,0,0,0,0,0,0,0,0,0,0,0,0,0,0,0,0,0,0,0,0,0,0,0,0,0,0,0,0,0,0,0,0,"22"
"2206040401",0,0,0,0,0,0,0,0,0,0,0,0,0,0,0,0,0,0,0,0,0,0,0,0,0,0,0,0,0,0,0,0,0,0,0,0,0,0,0,0,0,"22"
"2206040501",18,57,9,8,0,0,0,8,0,2.46153846153846,0,0,0,0,0,0,0,0,0,0,0,0,0,0,0,0,0,0,0,0,8,0,0,0,0,0,0,0,0,0,0,"22"
"2206040601",2,3,3,3,0,0,0,3,0,1.70454545454545,0,0,0,0,0,0,0,0,0,0,0,0,0,0,0,0,0,0,0,0,0,3,3,0,0,0,0,0,0,0,0,"22"
"2206040701",3,23,3,2,0,0,0,2,0,0.389105058365759,0,0,0,0,0,0,0,0,0,0,0,0,0,0,0,0,1,0,0,2,0,0,0,0,0,0,0,0,0,0,0,"22"
"2206040801",5,16,0,0,0,0,0,0,0,0,0,0,0,0,0,0,0,0,0,0,0,0,0,0,0,0,0,0,0,0,0,0,0,0,0,0,0,0,0,0,0,"22"
"2206040901",4,9,3,3,0,0,0,3,0,1.92307692307692,0,0,0,0,0,0,0,0,0,0,0,0,0,0,0,0,0,0,0,0,0,3,3,1,1,1,0,0,0,0,0,"22"
"2206041001",1,1,1,1,1,0,0,0,0,0.427350427350427,0,0,0,0,0,0,1,0,0,0,0,0,0,0,0,0,0,0,0,0,0,0,0,0,0,0,0,0,0,0,0,"22"
"2206041101",26,73,14,12,2,7,0,8,0,8.57142857142857,0,0,0,0,0,2,2,0,0,0,7,0,7,0,0,0,0,0,0,1,7,0,6,2,2,2,0,0,0,4,0,"22"
"2206041201",10,36,7,6,1,6,0,0,0,2.6431718061674,0,0,0,0,0,1,1,6,0,0,0,0,0,0,0,0,0,0,0,0,0,0,0,4,6,0,0,0,0,0,0,"22"
"2206050101",8,27,8,5,0,0,0,5,0,2.68817204301075,0,0,0,0,0,0,0,0,0,0,0,0,0,0,0,0,0,0,0,0,5,0,0,0,0,0,0,0,0,0,0,"22"
"2206050201",0,0,0,0,0,0,0,0,0,0,0,0,0,0,0,0,0,0,0,0,0,0,0,0,0,0,0,0,0,0,0,0,0,0,0,0,0,0,0,0,0,"22"
"2206050301",3,9,0,0,0,0,0,0,0,0,0,0,0,0,0,0,0,0,0,0,0,0,0,0,0,0,0,0,0,0,0,0,0,0,0,0,0,0,0,0,0,"22"
"2206050401",3,12,0,0,0,0,0,0,0,0,0,0,0,0,0,0,0,0,0,0,0,0,0,0,0,0,0,0,0,0,0,0,0,0,0,0,0,0,0,0,0,"22"
"2206050501",4,15,1,1,0,0,0,1,0,0.917431192660551,0,0,0,0,0,0,0,0,0,0,0,0,0,0,0,0,0,0,0,0,1,0,0,0,1,0,0,0,0,0,0,"22"
"2206050601",6,28,7,5,0,0,0,5,0,1.05042016806723,0,0,0,0,0,0,0,0,0,0,0,0,0,0,0,0,0,0,0,4,3,0,0,0,0,0,0,0,0,0,0,"22"
"2206060101",5,11,4,4,0,1,0,3,0,0.654664484451719,0,0,0,0,0,0,0,0,0,1,0,0,0,0,0,0,0,0,0,0,0,3,1,0,0,0,0,0,0,0,0,"22"
"2206060201",6,18,3,3,0,0,0,3,0,1.41509433962264,0,0,0,0,0,0,0,0,0,0,0,0,0,0,0,0,0,0,0,0,3,1,0,0,0,0,0,0,0,0,0,"22"
"2206060301",2,12,3,1,0,0,0,1,0,0.40650406504065,0,0,0,0,0,0,0,0,0,0,0,0,0,0,0,0,0,0,0,0,0,1,1,0,0,0,0,0,0,0,0,"22"
"2206060401",7,22,5,3,0,0,0,3,0,1.06007067137809,0,0,0,0,0,0,0,0,0,0,0,0,0,0,0,0,0,0,0,1,2,0,0,1,1,0,0,0,0,0,0,"22"
"2206060501",12,46,4,1,0,0,0,1,0,0.324675324675325,0,0,0,0,0,1,0,0,0,0,0,0,0,0,0,0,0,0,0,0,1,0,0,0,0,0,0,0,0,0,0,"22"
"2206070101",20,74,24,23,0,0,0,23,0,7.93103448275862,0,0,0,0,0,1,0,0,0,0,0,0,0,0,0,0,0,0,0,2,23,0,2,2,6,3,0,0,0,3,0,"22"
"2206070201",1,1,0,0,0,0,0,0,0,0,0,0,0,0,0,0,0,0,0,0,0,0,0,0,0,0,0,0,0,0,0,0,0,0,0,0,0,0,0,0,0,"22"
"2206070301",38,146,40,28,0,0,0,28,0,5.85774058577406,0,0,0,0,0,0,0,0,0,0,0,0,0,0,0,0,0,0,8,10,24,0,1,17,4,1,0,0,0,0,0,"22"
"2206070401",1,1,0,0,0,0,0,0,0,0,0,0,0,0,0,0,0,0,0,0,0,0,0,0,0,0,0,0,0,0,0,0,0,0,0,0,0,0,0,0,0,"22"
"2206070501",3,10,2,1,1,0,0,1,0,0.344827586206897,0,0,0,0,0,0,1,0,0,0,0,0,0,0,0,0,0,0,0,0,1,0,0,0,0,0,0,0,0,0,0,"22"
"2206070601",19,53,9,8,3,0,0,7,0,2.88808664259928,0,0,0,0,0,0,3,0,0,0,0,0,0,0,0,0,0,0,0,0,7,0,0,2,2,1,0,0,0,0,0,"22"
"2206070701",1,2,0,0,0,0,0,0,0,0,0,0,0,0,0,0,0,0,0,0,0,0,0,0,0,0,0,0,0,0,0,0,0,0,0,0,0,0,0,0,0,"22"
"2206070801",20,64,15,12,1,0,0,12,0,3.45821325648415,0,0,0,0,0,0,1,0,0,0,0,0,0,0,0,0,0,0,0,0,12,0,0,1,5,0,0,0,0,0,0,"22"
"2206070901",1,5,0,0,0,0,0,0,0,0,0,0,0,0,0,0,0,0,0,0,0,0,0,0,0,0,0,0,0,0,0,0,0,0,0,0,0,0,0,0,0,"22"
"2207010101",1,1,0,0,0,0,0,0,0,0,0,0,0,0,0,0,0,0,0,0,0,0,0,0,0,0,0,0,0,0,0,0,0,0,0,0,0,0,0,0,0,"22"
"2207010201",0,0,0,0,0,0,0,0,0,0,0,0,0,0,0,0,0,0,0,0,0,0,0,0,0,0,0,0,0,0,0,0,0,0,0,0,0,0,0,0,0,"22"
"2207010301",7,23,3,2,0,0,0,2,0,0.431034482758621,0,0,0,0,0,0,0,0,0,0,0,0,0,0,0,0,0,0,0,0,2,0,2,1,1,0,0,0,0,0,0,"22"
"2207010401",8,23,6,2,0,0,0,2,0,0.347222222222222,0,0,0,0,0,0,0,0,0,0,0,0,0,0,0,0,0,0,0,0,2,0,1,0,0,0,0,0,0,0,0,"22"
"2207010501",1,1,0,0,0,0,0,0,0,0,0,0,0,0,0,0,0,0,0,0,0,0,0,0,0,0,0,0,0,0,0,0,0,0,0,0,0,0,0,0,0,"22"
"2207010601",0,0,0,0,0,0,0,0,0,0,0,0,0,0,0,0,0,0,0,0,0,0,0,0,0,0,0,0,0,0,0,0,0,0,0,0,0,0,0,0,0,"22"
"2207010701",2,7,0,0,0,0,0,0,0,0,0,0,0,0,0,0,0,0,0,0,0,0,0,0,0,0,0,0,0,0,0,0,0,0,0,0,0,0,0,0,0,"22"
"2207010801",3,6,0,0,0,0,0,0,0,0,0,0,0,0,0,0,0,0,0,0,0,0,0,0,0,0,0,0,0,0,0,0,0,0,0,0,0,0,0,0,0,"22"
"2207010901",6,16,3,3,0,0,0,3,0,1.27118644067797,0,0,0,0,0,0,0,0,0,0,0,0,0,0,0,0,0,0,0,0,3,0,1,2,2,0,0,0,0,0,0,"22"
"2207011001",4,19,1,1,0,0,0,1,0,0.3003003003003,0,0,0,0,0,0,0,0,0,0,0,0,0,0,0,0,0,0,0,0,1,0,0,0,0,0,0,0,0,0,0,"22"
"2207011101",0,0,0,0,0,0,0,0,0,0,0,0,0,0,0,0,0,0,0,0,0,0,0,0,0,0,0,0,0,0,0,0,0,0,0,0,0,0,0,0,0,"22"
"2207020101",0,0,0,0,0,0,0,0,0,0,0,0,0,0,0,0,0,0,0,0,0,0,0,0,0,0,0,0,0,0,0,0,0,0,0,0,0,0,0,0,0,"22"
"2207020201",20,49,20,20,2,6,0,17,0,3.6101083032491,0,0,0,1,0,0,1,0,0,0,6,0,0,0,0,0,0,0,3,8,13,0,1,4,8,0,0,0,0,0,1,"22"
"2207020301",1,1,0,0,0,0,0,0,0,0,0,0,0,0,0,0,0,0,0,0,0,0,0,0,0,0,0,0,0,0,0,0,0,0,0,0,0,0,0,0,0,"22"
"2207020401",0,0,0,0,0,0,0,0,0,0,0,0,0,0,0,0,0,0,0,0,0,0,0,0,0,0,0,0,0,0,0,0,0,0,0,0,0,0,0,0,0,"22"
"2207020501",4,9,2,2,0,0,0,2,0,0.301659125188537,0,0,0,0,0,0,0,0,0,0,0,0,0,0,0,0,0,0,0,0,2,0,1,0,0,0,0,0,0,0,0,"22"
"2207020601",1,2,0,0,0,0,0,0,0,0,0,0,0,0,0,0,0,0,0,0,0,0,0,0,0,0,0,0,0,0,0,0,0,0,0,0,0,0,0,0,0,"22"
"2207020701",3,5,1,1,1,0,0,0,0,0.515463917525773,0,0,0,0,0,0,1,0,0,0,0,0,0,0,0,0,0,0,1,0,0,0,0,0,0,0,0,0,0,0,0,"22"
"2207020801",0,0,0,0,0,0,0,0,0,0,0,0,0,0,0,0,0,0,0,0,0,0,0,0,0,0,0,0,0,0,0,0,0,0,0,0,0,0,0,0,0,"22"
"2207020901",1,3,3,2,0,0,0,2,0,1.02040816326531,0,0,0,0,0,0,0,0,0,0,0,0,0,0,0,0,0,0,0,0,2,0,0,0,0,0,0,0,0,0,0,"22"
"2207021001",0,0,0,0,0,0,0,0,0,0,0,0,0,0,0,0,0,0,0,0,0,0,0,0,0,0,0,0,0,0,0,0,0,0,0,0,0,0,0,0,0,"22"
"2207021101",2,10,0,0,0,0,0,0,0,0,0,0,0,0,0,0,0,0,0,0,0,0,0,0,0,0,0,0,0,0,0,0,0,0,0,0,0,0,0,0,0,"22"
"2207021201",0,0,0,0,0,0,0,0,0,0,0,0,0,0,0,0,0,0,0,0,0,0,0,0,0,0,0,0,0,0,0,0,0,0,0,0,0,0,0,0,0,"22"
"2207021301",77,228,47,42,14,26,0,18,0,9.50226244343891,0,0,0,0,0,6,14,10,2,3,20,11,1,4,0,3,0,0,4,3,16,0,21,20,21,1,1,0,0,1,4,"22"
"2207021401",1,2,1,0,0,0,0,0,0,0,0,0,0,0,0,0,0,0,0,0,0,0,0,0,0,0,0,0,0,0,0,0,0,0,0,0,0,0,0,0,0,"22"
"2207021501",5,8,3,3,3,0,0,0,0,1.26582278481013,0,0,0,0,0,0,3,0,0,0,0,0,0,0,0,0,0,0,0,0,0,0,2,1,0,0,0,0,0,0,0,"22"
"2207021601",77,235,40,36,9,23,0,19,0,9.6,0,0,0,0,2,7,9,2,2,2,23,9,15,2,0,2,0,0,6,8,12,0,3,21,18,3,0,0,0,4,14,"22"
"2207030101",496,965,160,135,77,134,0,1,0,12.6404494382022,0,0,0,75,20,69,2,0,0,0,134,1,0,0,0,8,0,0,4,0,1,0,33,52,59,12,0,0,0,1,0,"22"
"2207030201",31,107,13,10,4,7,0,0,0,1.4792899408284,0,0,0,1,1,0,3,0,0,0,7,2,3,0,0,4,0,0,0,0,0,0,5,0,0,0,0,0,0,0,0,"22"
"2207030301",0,0,0,0,0,0,0,0,0,0,0,0,0,0,0,0,0,0,0,0,0,0,0,0,0,0,0,0,0,0,0,0,0,0,0,0,0,0,0,0,0,"22"
"2207030401",7,15,2,2,2,0,0,0,0,0.386847195357834,0,0,0,0,0,0,2,0,0,0,0,0,0,0,0,0,0,0,0,0,0,0,0,0,0,0,0,0,0,0,0,"22"
"2207030501",38,127,11,10,8,0,0,2,0,2.78551532033426,0,0,0,0,8,0,0,0,0,0,0,0,0,0,0,0,0,0,0,0,2,0,3,2,2,0,0,0,0,0,0,"22"
"2207030601",2,3,0,0,0,0,0,0,0,0,0,0,0,0,0,0,0,0,0,0,0,0,0,0,0,0,0,0,0,0,0,0,0,0,0,0,0,0,0,0,0,"22"
"2207030701",8,17,4,4,3,0,0,1,0,0.687285223367698,0,0,0,3,3,0,0,0,0,0,0,0,2,0,0,0,0,0,0,1,0,0,3,0,1,0,0,0,0,0,0,"22"
"2207030801",0,0,0,0,0,0,0,0,0,0,0,0,0,0,0,0,0,0,0,0,0,0,0,0,0,0,0,0,0,0,0,0,0,0,0,0,0,0,0,0,0,"22"
"2207030901",0,0,0,0,0,0,0,0,0,0,0,0,0,0,0,0,0,0,0,0,0,0,0,0,0,0,0,0,0,0,0,0,0,0,0,0,0,0,0,0,0,"22"
"2207031001",1,4,0,0,0,0,0,0,0,0,0,0,0,0,0,0,0,0,0,0,0,0,0,0,0,0,0,0,0,0,0,0,0,0,0,0,0,0,0,0,0,"22"
"2207031101",35,113,15,13,3,1,0,10,0,3.00925925925926,0,0,0,0,3,1,0,1,0,0,1,4,0,0,0,1,0,0,3,6,7,0,5,2,3,0,0,0,0,0,1,"22"
"2207031201",12,30,9,6,0,0,0,6,0,1.4218009478673,0,0,0,0,0,0,0,0,0,0,0,0,0,0,0,0,0,0,0,0,6,0,0,0,0,0,0,0,0,0,3,"22"
"2207031301",0,0,0,0,0,0,0,0,0,0,0,0,0,0,0,0,0,0,0,0,0,0,0,0,0,0,0,0,0,0,0,0,0,0,0,0,0,0,0,0,0,"22"
"2207031401",26,78,6,3,0,3,0,2,0,1.08695652173913,0,0,0,0,0,0,0,0,0,0,3,3,0,0,0,0,0,0,0,1,1,0,1,2,2,0,0,0,0,0,0,"22"
"2207031501",0,0,0,0,0,0,0,0,0,0,0,0,0,0,0,0,0,0,0,0,0,0,0,0,0,0,0,0,0,0,0,0,0,0,0,0,0,0,0,0,0,"22"
"2207031601",9,37,12,9,0,2,0,7,0,2.48618784530387,0,0,0,0,0,1,0,0,0,1,1,0,0,0,0,1,0,0,0,4,4,0,0,4,7,0,0,0,0,0,0,"22"
"2207031701",25,84,12,11,0,10,0,1,0,3.11614730878187,0,0,0,0,0,3,0,0,2,1,9,0,1,0,0,0,0,0,5,0,1,0,2,6,1,0,0,0,0,0,0,"22"
"2207031801",59,206,62,57,1,57,0,4,0,18.0379746835443,0,3,0,0,1,45,0,1,1,1,57,22,53,0,0,2,0,0,7,1,3,0,15,36,20,0,0,0,0,0,2,"22"
"2207040101",13,42,6,6,5,0,0,2,0,2.33463035019455,0,0,0,0,3,0,2,0,0,0,0,0,0,0,0,0,0,0,0,2,0,0,3,2,3,0,0,0,0,0,3,"22"
"2207040201",0,0,0,0,0,0,0,0,0,0,0,0,0,0,0,0,0,0,0,0,0,0,0,0,0,0,0,0,0,0,0,0,0,0,0,0,0,0,0,0,0,"22"
"2207040301",35,107,11,10,5,2,0,6,0,4,0,0,0,0,5,0,2,2,0,0,2,2,2,2,2,0,0,0,7,5,6,0,8,0,4,1,2,0,0,0,2,"22"
"2207040401",12,36,5,4,2,0,0,3,0,1.25391849529781,0,0,0,0,0,2,2,0,0,0,0,0,0,0,0,0,0,0,2,1,3,0,2,0,0,0,0,0,0,0,0,"22"
"2207040501",0,0,0,0,0,0,0,0,0,0,0,0,0,0,0,0,0,0,0,0,0,0,0,0,0,0,0,0,0,0,0,0,0,0,0,0,0,0,0,0,0,"22"
"2207040601",13,48,4,4,0,0,0,4,0,0.506329113924051,0,0,0,0,0,0,0,0,0,0,0,0,0,0,0,0,0,0,1,1,3,0,0,0,1,0,0,0,0,0,0,"22"
"2207040701",38,91,18,16,0,16,0,0,0,6.4,0,0,0,0,0,2,0,0,0,0,16,0,0,0,0,2,0,0,1,0,0,0,10,4,7,4,0,0,0,6,2,"22"
"2207040801",2,4,2,2,0,2,0,0,0,1.27388535031847,0,0,0,0,0,0,0,2,0,0,0,0,0,0,0,0,0,0,0,0,0,0,0,0,2,0,0,0,0,0,0,"22"
"2207040901",3,7,3,2,0,1,0,1,0,6.25,0,0,0,0,0,0,0,1,0,0,0,0,2,0,0,0,0,0,0,1,0,0,0,1,1,0,0,0,0,0,1,"22"
"2207041001",0,0,0,0,0,0,0,0,0,0,0,0,0,0,0,0,0,0,0,0,0,0,0,0,0,0,0,0,0,0,0,0,0,0,0,0,0,0,0,0,0,"22"
"2207041101",0,0,0,0,0,0,0,0,0,0,0,0,0,0,0,0,0,0,0,0,0,0,0,0,0,0,0,0,0,0,0,0,0,0,0,0,0,0,0,0,0,"22"
"2207041201",9,14,7,7,7,0,0,0,0,11.1111111111111,0,0,0,0,5,0,7,0,0,0,0,0,0,0,0,0,0,0,0,0,0,0,7,0,2,0,0,0,0,0,0,"22"
"2207041301",44,127,21,21,7,16,0,6,0,9.29203539823009,0,0,0,0,7,8,0,4,3,3,16,4,6,0,0,1,0,0,3,5,1,0,13,5,8,0,0,0,0,3,0,"22"
"2207050101",52,192,22,19,2,3,0,19,0,3.49907918968692,0,0,0,0,2,7,0,1,0,0,3,0,0,0,0,0,0,0,0,9,14,0,7,9,5,5,0,0,0,2,0,"22"
"2207050201",3,4,1,1,1,0,0,0,0,0.440528634361234,0,0,0,0,0,0,1,0,0,0,0,0,0,0,0,0,0,0,0,0,0,0,1,0,0,0,0,0,0,0,0,"22"
"2207050301",2,4,0,0,0,0,0,0,0,0,0,0,0,0,0,0,0,0,0,0,0,0,0,0,0,0,0,0,0,0,0,0,0,0,0,0,0,0,0,0,0,"22"
"2207050401",0,0,0,0,0,0,0,0,0,0,0,0,0,0,0,0,0,0,0,0,0,0,0,0,0,0,0,0,0,0,0,0,0,0,0,0,0,0,0,0,0,"22"
"2207050501",0,0,0,0,0,0,0,0,0,0,0,0,0,0,0,0,0,0,0,0,0,0,0,0,0,0,0,0,0,0,0,0,0,0,0,0,0,0,0,0,0,"22"
"2207050601",7,27,3,2,1,0,0,1,0,0.3003003003003,0,0,0,0,1,0,0,0,0,0,0,0,0,0,0,0,0,0,0,1,0,0,1,1,1,0,0,0,0,0,1,"22"
"2207050701",1,1,0,0,0,0,0,0,0,0,0,0,0,0,0,0,0,0,0,0,0,0,0,0,0,0,0,0,0,0,0,0,0,0,0,0,0,0,0,0,0,"22"
"2207050801",0,0,0,0,0,0,0,0,0,0,0,0,0,0,0,0,0,0,0,0,0,0,0,0,0,0,0,0,0,0,0,0,0,0,0,0,0,0,0,0,0,"22"
"2207050901",4,15,4,4,0,0,0,4,0,1.79372197309417,0,0,0,0,0,0,0,0,0,0,0,0,0,0,0,0,0,0,0,0,4,0,1,2,3,0,0,0,0,0,0,"22"
"2207051001",0,0,0,0,0,0,0,0,0,0,0,0,0,0,0,0,0,0,0,0,0,0,0,0,0,0,0,0,0,0,0,0,0,0,0,0,0,0,0,0,0,"22"
"2207051101",3,9,3,3,3,0,0,0,0,0.970873786407767,0,0,0,0,0,0,3,0,0,0,0,0,0,0,0,0,0,0,0,0,0,0,2,0,1,0,0,0,0,0,0,"22"
"2207051201",1,1,1,1,1,0,0,0,0,0.261780104712042,0,0,0,0,0,0,1,0,0,0,0,0,0,0,0,0,0,0,0,0,0,0,0,0,0,0,0,0,0,0,0,"22"
"2207510101",10,33,2,2,1,2,0,0,0,0.72463768115942,0,0,0,0,1,0,0,0,1,2,1,0,2,0,0,0,0,0,0,0,0,0,2,1,1,0,0,0,0,0,0,"22"
"2207510201",2,10,2,2,0,0,0,2,0,1.75438596491228,0,0,0,0,0,0,0,0,0,0,0,0,0,0,0,0,0,0,0,1,1,0,2,0,0,0,0,0,0,0,0,"22"
"2207510301",0,0,0,0,0,0,0,0,0,0,0,0,0,0,0,0,0,0,0,0,0,0,0,0,0,0,0,0,0,0,0,0,0,0,0,0,0,0,0,0,0,"22"
"2207510401",1,1,1,1,1,0,0,0,0,0.497512437810945,0,0,0,0,0,0,1,0,0,0,0,0,0,0,0,0,0,0,0,0,0,0,1,0,0,0,0,0,0,0,0,"22"
"2207510501",0,0,0,0,0,0,0,0,0,0,0,0,0,0,0,0,0,0,0,0,0,0,0,0,0,0,0,0,0,0,0,0,0,0,0,0,0,0,0,0,0,"22"
"2207510601",14,23,4,3,3,0,0,0,0,2.54237288135593,0,0,0,0,1,0,3,0,0,0,0,0,0,0,0,0,0,0,0,0,0,0,2,2,2,0,0,0,0,0,1,"22"
"2207510701",0,0,0,0,0,0,0,0,0,0,0,0,0,0,0,0,0,0,0,0,0,0,0,0,0,0,0,0,0,0,0,0,0,0,0,0,0,0,0,0,0,"22"
"2207510801",0,0,0,0,0,0,0,0,0,0,0,0,0,0,0,0,0,0,0,0,0,0,0,0,0,0,0,0,0,0,0,0,0,0,0,0,0,0,0,0,0,"22"
"2207510901",0,0,0,0,0,0,0,0,0,0,0,0,0,0,0,0,0,0,0,0,0,0,0,0,0,0,0,0,0,0,0,0,0,0,0,0,0,0,0,0,0,"22"
"2207511001",5,5,0,0,0,0,0,0,0,0,0,0,0,0,0,0,0,0,0,0,0,0,0,0,0,0,0,0,0,0,0,0,0,0,0,0,0,0,0,0,0,"22"
"2207511101",36,119,38,34,28,6,0,3,0,13.2295719844358,0,0,0,0,23,13,11,1,1,5,0,0,3,0,0,1,0,0,1,2,1,0,26,14,15,0,0,0,0,0,0,"22"
"2207511201",0,0,0,0,0,0,0,0,0,0,0,0,0,0,0,0,0,0,0,0,0,0,0,0,0,0,0,0,0,0,0,0,0,0,0,0,0,0,0,0,0,"22"
"2207511301",16,53,19,18,5,17,0,6,0,13.953488372093,0,0,0,0,5,13,1,0,0,0,17,0,18,0,0,0,0,0,0,0,6,0,15,14,5,0,0,0,0,0,0,"22"
"2207511401",16,34,9,9,8,0,0,3,0,5.0561797752809,0,0,0,0,6,0,3,0,0,0,0,0,0,0,0,0,0,0,0,1,2,0,9,0,0,0,0,0,0,0,1,"22"
"2207511501",15,72,17,14,12,10,0,0,0,10.6060606060606,0,0,0,0,5,0,9,7,1,2,3,4,2,0,1,0,0,0,0,0,0,0,14,8,8,0,0,0,0,0,1,"22"
"2207511601",2,3,3,3,1,0,0,2,0,2.5,0,0,0,0,0,0,1,0,0,0,0,0,0,0,0,0,0,0,0,0,2,0,1,0,0,0,0,0,0,0,0,"22"
"2207511701",16,44,6,6,0,0,0,6,0,1.7910447761194,0,0,0,0,0,0,0,0,0,0,0,0,0,0,0,0,0,0,0,3,3,0,6,0,0,0,0,0,0,0,0,"22"
"2207511801",5,21,4,2,0,0,0,2,0,2.32558139534884,0,0,0,0,0,0,0,0,0,0,0,0,0,0,0,0,0,0,0,2,1,0,2,0,0,0,0,0,0,0,0,"22"
"2207511901",8,41,4,4,3,2,0,1,0,3.10077519379845,0,0,0,1,3,1,0,1,0,0,1,0,2,0,0,1,0,0,1,1,0,0,1,0,0,0,0,0,0,0,1,"22"
"2207512001",0,0,0,0,0,0,0,0,0,0,0,0,0,0,0,0,0,0,0,0,0,0,0,0,0,0,0,0,0,0,0,0,0,0,0,0,0,0,0,0,0,"22"
"2207512101",1,4,0,0,0,0,0,0,0,0,0,0,0,0,0,0,0,0,0,0,0,0,0,0,0,0,0,0,0,0,0,0,0,0,0,0,0,0,0,0,0,"22"
"2207512201",7,16,0,0,0,0,0,0,0,0,0,0,0,0,0,0,0,0,0,0,0,0,0,0,0,0,0,0,0,0,0,0,0,0,0,0,0,0,0,0,0,"22"
"2207512301",4,10,1,1,0,1,0,0,0,0.588235294117647,0,0,0,0,0,0,0,1,0,0,0,0,0,0,0,0,0,0,0,0,0,0,0,0,1,0,0,0,0,0,0,"22"
"2208010101",1,1,0,0,0,0,0,0,0,0,0,0,0,0,0,0,0,0,0,0,0,0,0,0,0,0,0,0,0,0,0,0,0,0,0,0,0,0,0,0,0,"22"
"2208010201",0,0,0,0,0,0,0,0,0,0,0,0,0,0,0,0,0,0,0,0,0,0,0,0,0,0,0,0,0,0,0,0,0,0,0,0,0,0,0,0,0,"22"
"2208010301",0,0,0,0,0,0,0,0,0,0,0,0,0,0,0,0,0,0,0,0,0,0,0,0,0,0,0,0,0,0,0,0,0,0,0,0,0,0,0,0,0,"22"
"2208010401",2,14,1,1,0,0,0,1,0,0.384615384615385,0,0,0,0,0,0,0,0,0,0,0,0,0,0,0,0,0,0,0,0,1,0,0,0,0,0,0,0,0,0,0,"22"
"2208010501",3,3,1,1,0,0,0,1,0,0.471698113207547,0,0,0,0,0,0,0,0,0,0,0,0,0,0,0,0,0,0,0,0,1,0,0,0,0,0,0,0,0,0,0,"22"
"2208010601",0,0,0,0,0,0,0,0,0,0,0,0,0,0,0,0,0,0,0,0,0,0,0,0,0,0,0,0,0,0,0,0,0,0,0,0,0,0,0,0,0,"22"
"2208010701",0,0,0,0,0,0,0,0,0,0,0,0,0,0,0,0,0,0,0,0,0,0,0,0,0,0,0,0,0,0,0,0,0,0,0,0,0,0,0,0,0,"22"
"2208010801",0,0,0,0,0,0,0,0,0,0,0,0,0,0,0,0,0,0,0,0,0,0,0,0,0,0,0,0,0,0,0,0,0,0,0,0,0,0,0,0,0,"22"
"2208010901",0,0,0,0,0,0,0,0,0,0,0,0,0,0,0,0,0,0,0,0,0,0,0,0,0,0,0,0,0,0,0,0,0,0,0,0,0,0,0,0,0,"22"
"2208011001",3,7,0,0,0,0,0,0,0,0,0,0,0,0,0,0,0,0,0,0,0,0,0,0,0,0,0,0,0,0,0,0,0,0,0,0,0,0,0,0,0,"22"
"2208011101",6,14,3,3,0,0,0,3,0,0.733496332518337,0,0,0,0,0,0,0,0,0,0,0,0,0,0,0,0,0,0,0,0,3,0,0,0,0,0,0,0,0,0,0,"22"
"2208011201",4,9,5,5,0,0,0,5,0,2.21238938053097,0,0,0,0,0,0,0,0,0,0,0,0,0,0,0,0,0,0,0,3,5,0,4,3,3,0,0,0,0,4,0,"22"
"2208011301",0,0,0,0,0,0,0,0,0,0,0,0,0,0,0,0,0,0,0,0,0,0,0,0,0,0,0,0,0,0,0,0,0,0,0,0,0,0,0,0,0,"22"
"2208011401",0,0,0,0,0,0,0,0,0,0,0,0,0,0,0,0,0,0,0,0,0,0,0,0,0,0,0,0,0,0,0,0,0,0,0,0,0,0,0,0,0,"22"
"2208011501",8,40,18,18,0,0,0,18,0,8.37209302325581,0,0,0,0,0,0,0,0,0,0,0,0,0,0,0,6,0,0,0,10,18,0,6,16,16,0,0,0,0,0,0,"22"
"2208011601",0,0,0,0,0,0,0,0,0,0,0,0,0,0,0,0,0,0,0,0,0,0,0,0,0,0,0,0,0,0,0,0,0,0,0,0,0,0,0,0,0,"22"
"2208011701",3,4,3,2,2,0,0,2,0,0.72463768115942,0,0,0,0,0,0,2,0,0,0,0,0,0,0,0,0,0,0,0,0,2,0,2,0,0,0,0,0,0,2,0,"22"
"2208011801",0,0,0,0,0,0,0,0,0,0,0,0,0,0,0,0,0,0,0,0,0,0,0,0,0,0,0,0,0,0,0,0,0,0,0,0,0,0,0,0,0,"22"
"2208011901",0,0,0,0,0,0,0,0,0,0,0,0,0,0,0,0,0,0,0,0,0,0,0,0,0,0,0,0,0,0,0,0,0,0,0,0,0,0,0,0,0,"22"
"2208012001",1,1,1,1,0,1,0,0,0,0.970873786407767,0,0,0,0,0,0,0,0,0,0,1,0,1,0,0,0,0,0,0,0,0,0,0,0,0,0,0,0,0,0,0,"22"
"2208012101",1,5,0,0,0,0,0,0,0,0,0,0,0,0,0,0,0,0,0,0,0,0,0,0,0,0,0,0,0,0,0,0,0,0,0,0,0,0,0,0,0,"22"
"2208012201",0,0,0,0,0,0,0,0,0,0,0,0,0,0,0,0,0,0,0,0,0,0,0,0,0,0,0,0,0,0,0,0,0,0,0,0,0,0,0,0,0,"22"
"2208020101",1,1,1,1,1,0,0,0,0,0.558659217877095,0,0,0,0,1,0,0,0,0,0,0,0,0,0,0,0,0,0,0,0,0,0,0,0,0,0,0,0,0,0,0,"22"
"2208020201",0,0,0,0,0,0,0,0,0,0,0,0,0,0,0,0,0,0,0,0,0,0,0,0,0,0,0,0,0,0,0,0,0,0,0,0,0,0,0,0,0,"22"
"2208020301",1,5,0,0,0,0,0,0,0,0,0,0,0,0,0,0,0,0,0,0,0,0,0,0,0,0,0,0,0,0,0,0,0,0,0,0,0,0,0,0,0,"22"
"2208020401",0,0,0,0,0,0,0,0,0,0,0,0,0,0,0,0,0,0,0,0,0,0,0,0,0,0,0,0,0,0,0,0,0,0,0,0,0,0,0,0,0,"22"
"2208020501",1,1,0,0,0,0,0,0,0,0,0,0,0,0,0,0,0,0,0,0,0,0,0,0,0,0,0,0,0,0,0,0,0,0,0,0,0,0,0,0,0,"22"
"2208020601",0,0,0,0,0,0,0,0,0,0,0,0,0,0,0,0,0,0,0,0,0,0,0,0,0,0,0,0,0,0,0,0,0,0,0,0,0,0,0,0,0,"22"
"2208020701",0,0,0,0,0,0,0,0,0,0,0,0,0,0,0,0,0,0,0,0,0,0,0,0,0,0,0,0,0,0,0,0,0,0,0,0,0,0,0,0,0,"22"
"2208020801",0,0,0,0,0,0,0,0,0,0,0,0,0,0,0,0,0,0,0,0,0,0,0,0,0,0,0,0,0,0,0,0,0,0,0,0,0,0,0,0,0,"22"
"2208020901",0,0,0,0,0,0,0,0,0,0,0,0,0,0,0,0,0,0,0,0,0,0,0,0,0,0,0,0,0,0,0,0,0,0,0,0,0,0,0,0,0,"22"
"2208021001",0,0,0,0,0,0,0,0,0,0,0,0,0,0,0,0,0,0,0,0,0,0,0,0,0,0,0,0,0,0,0,0,0,0,0,0,0,0,0,0,0,"22"
"2208021101",0,0,0,0,0,0,0,0,0,0,0,0,0,0,0,0,0,0,0,0,0,0,0,0,0,0,0,0,0,0,0,0,0,0,0,0,0,0,0,0,0,"22"
"2208021201",0,0,0,0,0,0,0,0,0,0,0,0,0,0,0,0,0,0,0,0,0,0,0,0,0,0,0,0,0,0,0,0,0,0,0,0,0,0,0,0,0,"22"
"2208021301",0,0,0,0,0,0,0,0,0,0,0,0,0,0,0,0,0,0,0,0,0,0,0,0,0,0,0,0,0,0,0,0,0,0,0,0,0,0,0,0,0,"22"
"2208021401",0,0,0,0,0,0,0,0,0,0,0,0,0,0,0,0,0,0,0,0,0,0,0,0,0,0,0,0,0,0,0,0,0,0,0,0,0,0,0,0,0,"22"
"2208021501",0,0,0,0,0,0,0,0,0,0,0,0,0,0,0,0,0,0,0,0,0,0,0,0,0,0,0,0,0,0,0,0,0,0,0,0,0,0,0,0,0,"22"
"2208021601",2,3,0,0,0,0,0,0,0,0,0,0,0,0,0,0,0,0,0,0,0,0,0,0,0,0,0,0,0,0,0,0,0,0,0,0,0,0,0,0,0,"22"
"2208021701",0,0,0,0,0,0,0,0,0,0,0,0,0,0,0,0,0,0,0,0,0,0,0,0,0,0,0,0,0,0,0,0,0,0,0,0,0,0,0,0,0,"22"
"2208021801",0,0,0,0,0,0,0,0,0,0,0,0,0,0,0,0,0,0,0,0,0,0,0,0,0,0,0,0,0,0,0,0,0,0,0,0,0,0,0,0,0,"22"
"2208030101",0,0,0,0,0,0,0,0,0,0,0,0,0,0,0,0,0,0,0,0,0,0,0,0,0,0,0,0,0,0,0,0,0,0,0,0,0,0,0,0,0,"22"
"2208030201",2,10,0,0,0,0,0,0,0,0,0,0,0,0,0,0,0,0,0,0,0,0,0,0,0,0,0,0,0,0,0,0,0,0,0,0,0,0,0,0,0,"22"
"2208030301",0,0,0,0,0,0,0,0,0,0,0,0,0,0,0,0,0,0,0,0,0,0,0,0,0,0,0,0,0,0,0,0,0,0,0,0,0,0,0,0,0,"22"
"2208030401",0,0,0,0,0,0,0,0,0,0,0,0,0,0,0,0,0,0,0,0,0,0,0,0,0,0,0,0,0,0,0,0,0,0,0,0,0,0,0,0,0,"22"
"2208030501",34,62,25,25,25,0,0,0,0,8.36120401337793,0,0,0,0,0,0,25,0,0,0,0,0,0,0,0,0,0,0,0,0,0,0,11,0,0,0,0,0,0,0,0,"22"
"2208030601",9,29,5,5,0,0,0,5,0,1.0593220338983,0,0,0,0,0,0,0,0,0,0,0,0,0,0,0,0,0,0,0,0,5,0,0,0,1,0,0,0,0,1,0,"22"
"2208030701",0,0,0,0,0,0,0,0,0,0,0,0,0,0,0,0,0,0,0,0,0,0,0,0,0,0,0,0,0,0,0,0,0,0,0,0,0,0,0,0,0,"22"
"2208030801",1,3,0,0,0,0,0,0,0,0,0,0,0,0,0,0,0,0,0,0,0,0,0,0,0,0,0,0,0,0,0,0,0,0,0,0,0,0,0,0,0,"22"
"2208030901",0,0,0,0,0,0,0,0,0,0,0,0,0,0,0,0,0,0,0,0,0,0,0,0,0,0,0,0,0,0,0,0,0,0,0,0,0,0,0,0,0,"22"
"2208031001",1,2,1,1,1,0,0,0,0,0.32258064516129,0,0,0,0,0,0,1,0,0,0,0,0,0,0,0,0,0,0,0,0,0,0,0,0,1,0,0,0,0,0,0,"22"
"2208040101",1,2,1,1,0,1,0,0,0,0.340136054421769,0,0,0,0,0,0,0,0,0,0,1,0,0,0,0,0,0,0,0,0,0,0,0,0,0,0,0,0,0,0,0,"22"
"2208040201",0,0,0,0,0,0,0,0,0,0,0,0,0,0,0,0,0,0,0,0,0,0,0,0,0,0,0,0,0,0,0,0,0,0,0,0,0,0,0,0,0,"22"
"2208040301",1,4,1,1,0,1,0,0,0,0.247524752475248,0,0,0,0,0,0,0,0,0,0,1,0,0,0,0,0,0,0,0,0,0,0,0,0,0,0,0,0,0,0,0,"22"
"2208040401",2,6,3,3,0,3,0,0,0,0.707547169811321,0,0,0,0,0,0,0,0,0,0,3,0,0,0,0,0,0,0,0,0,0,0,3,0,0,0,0,0,0,0,0,"22"
"2208040501",19,56,10,9,0,0,0,9,0,1.55440414507772,0,0,0,0,0,0,0,0,0,0,0,0,0,0,0,0,0,0,0,3,7,0,1,0,0,0,0,0,0,0,0,"22"
"2208040601",3,3,0,0,0,0,0,0,0,0,0,0,0,0,0,0,0,0,0,0,0,0,0,0,0,0,0,0,0,0,0,0,0,0,0,0,0,0,0,0,0,"22"
"2208040701",0,0,0,0,0,0,0,0,0,0,0,0,0,0,0,0,0,0,0,0,0,0,0,0,0,0,0,0,0,0,0,0,0,0,0,0,0,0,0,0,0,"22"
"2208040801",0,0,0,0,0,0,0,0,0,0,0,0,0,0,0,0,0,0,0,0,0,0,0,0,0,0,0,0,0,0,0,0,0,0,0,0,0,0,0,0,0,"22"
"2208040901",1,1,0,0,0,0,0,0,0,0,0,0,0,0,0,0,0,0,0,0,0,0,0,0,0,0,0,0,0,0,0,0,0,0,0,0,0,0,0,0,0,"22"
"2208041001",1,1,0,0,0,0,0,0,0,0,0,0,0,0,0,0,0,0,0,0,0,0,0,0,0,0,0,0,0,0,0,0,0,0,0,0,0,0,0,0,0,"22"
"2208041101",0,0,0,0,0,0,0,0,0,0,0,0,0,0,0,0,0,0,0,0,0,0,0,0,0,0,0,0,0,0,0,0,0,0,0,0,0,0,0,0,0,"22"
"2208041201",4,4,2,2,0,0,0,2,0,1.61290322580645,0,0,0,0,0,0,0,0,0,0,0,0,0,0,0,0,0,0,0,0,2,0,0,0,0,0,0,0,0,0,0,"22"
"2208050101",1,2,1,1,0,1,0,0,0,0.194552529182879,0,0,0,0,0,0,0,0,0,0,1,0,0,0,0,0,0,0,0,0,0,0,1,0,0,0,0,0,0,0,0,"22"
"2208050201",0,0,0,0,0,0,0,0,0,0,0,0,0,0,0,0,0,0,0,0,0,0,0,0,0,0,0,0,0,0,0,0,0,0,0,0,0,0,0,0,0,"22"
"2208050301",1,1,0,0,0,0,0,0,0,0,0,0,0,0,0,0,0,0,0,0,0,0,0,0,0,0,0,0,0,0,0,0,0,0,0,0,0,0,0,0,0,"22"
"2208050401",0,0,0,0,0,0,0,0,0,0,0,0,0,0,0,0,0,0,0,0,0,0,0,0,0,0,0,0,0,0,0,0,0,0,0,0,0,0,0,0,0,"22"
"2209010301",0,0,0,0,0,0,0,0,0,0,0,0,0,0,0,0,0,0,0,0,0,0,0,0,0,0,0,0,0,0,0,0,0,0,0,0,0,0,0,0,0,"22"
"2209010401",0,0,0,0,0,0,0,0,0,0,0,0,0,0,0,0,0,0,0,0,0,0,0,0,0,0,0,0,0,0,0,0,0,0,0,0,0,0,0,0,0,"22"
"2209010501",3,11,1,0,0,0,0,0,0,0,0,0,0,0,0,0,0,0,0,0,0,0,0,0,0,0,0,0,0,0,0,0,0,0,0,0,0,0,0,0,0,"22"
"2209010601",53,200,43,38,1,37,0,0,0,9.02612826603325,0,0,0,1,0,0,0,0,0,0,37,0,0,0,0,5,0,0,0,0,0,0,0,13,17,0,0,0,0,0,0,"22"
"2209010701",0,0,0,0,0,0,0,0,0,0,0,0,0,0,0,0,0,0,0,0,0,0,0,0,0,0,0,0,0,0,0,0,0,0,0,0,0,0,0,0,0,"22"
"2209010801",0,0,0,0,0,0,0,0,0,0,0,0,0,0,0,0,0,0,0,0,0,0,0,0,0,0,0,0,0,0,0,0,0,0,0,0,0,0,0,0,0,"22"
"2209010901",51,128,23,20,0,20,0,0,0,7.93650793650794,0,0,0,0,0,0,0,0,0,0,20,0,0,0,0,3,0,0,0,0,0,0,0,17,14,0,0,0,0,0,0,"22"
"2209011001",0,0,0,0,0,0,0,0,0,0,0,0,0,0,0,0,0,0,0,0,0,0,0,0,0,0,0,0,0,0,0,0,0,0,0,0,0,0,0,0,0,"22"
"2209011101",29,90,18,18,0,18,0,0,0,9.32642487046632,0,0,0,0,0,0,0,0,0,0,18,0,0,0,0,0,0,0,0,0,0,0,0,3,2,0,0,0,0,0,0,"22"
"2209011201",0,0,0,0,0,0,0,0,0,0,0,0,0,0,0,0,0,0,0,0,0,0,0,0,0,0,0,0,0,0,0,0,0,0,0,0,0,0,0,0,0,"22"
"2209011301",0,0,0,0,0,0,0,0,0,0,0,0,0,0,0,0,0,0,0,0,0,0,0,0,0,0,0,0,0,0,0,0,0,0,0,0,0,0,0,0,0,"22"
"2209011401",0,0,0,0,0,0,0,0,0,0,0,0,0,0,0,0,0,0,0,0,0,0,0,0,0,0,0,0,0,0,0,0,0,0,0,0,0,0,0,0,0,"22"
"2209011501",0,0,0,0,0,0,0,0,0,0,0,0,0,0,0,0,0,0,0,0,0,0,0,0,0,0,0,0,0,0,0,0,0,0,0,0,0,0,0,0,0,"22"
"2209020101",11,39,4,4,0,4,0,1,0,2.20994475138122,0,0,0,0,0,0,0,0,0,0,4,0,0,0,0,0,0,0,0,0,0,1,0,2,0,0,0,0,0,0,0,"22"
"2209020201",2,6,0,0,0,0,0,0,0,0,0,0,0,0,0,0,0,0,0,0,0,0,0,0,0,0,0,0,0,0,0,0,0,0,0,0,0,0,0,0,0,"22"
"2209020301",5,23,0,0,0,0,0,0,0,0,0,0,0,0,0,0,0,0,0,0,0,0,0,0,0,0,0,0,0,0,0,0,0,0,0,0,0,0,0,0,0,"22"
"2209020401",29,127,7,7,0,7,0,1,0,2.31023102310231,0,0,0,0,0,0,0,0,0,0,7,0,0,0,0,0,0,0,0,0,0,1,0,5,1,0,0,0,0,0,0,"22"
"2209020501",11,31,3,3,0,3,0,0,0,0.993377483443709,0,0,0,0,0,0,0,0,0,0,3,0,0,0,0,0,0,0,0,0,0,0,0,0,0,0,0,0,0,0,0,"22"
"2209020601",37,108,10,9,0,9,0,2,0,1.73745173745174,0,0,0,0,0,0,0,0,0,0,9,0,0,0,0,0,0,0,0,0,0,2,0,3,3,0,0,0,0,0,0,"22"
"2209020701",0,0,0,0,0,0,0,0,0,0,0,0,0,0,0,0,0,0,0,0,0,0,0,0,0,0,0,0,0,0,0,0,0,0,0,0,0,0,0,0,0,"22"
"2209020801",11,36,1,1,0,1,0,0,0,0.409836065573771,0,0,0,0,0,0,0,0,0,0,1,0,0,0,0,0,0,0,0,0,0,0,0,1,0,0,0,0,0,0,0,"22"
"2209020901",43,103,8,6,0,6,0,0,0,1.96078431372549,0,0,0,0,0,0,0,0,0,0,6,0,0,0,0,0,0,0,0,0,0,0,0,3,2,0,0,0,0,0,0,"22"
"2209021001",60,184,15,10,0,10,0,1,0,2.80898876404494,0,0,0,0,0,0,0,0,0,0,10,0,0,0,0,0,0,0,0,0,0,1,0,3,2,0,0,0,0,0,0,"22"
"2209030101",13,24,8,7,7,0,0,0,0,2.3489932885906,0,0,0,0,0,0,7,0,0,0,0,0,0,0,0,0,0,0,0,0,0,0,0,0,0,0,0,0,0,0,0,"22"
"2209030201",0,0,0,0,0,0,0,0,0,0,0,0,0,0,0,0,0,0,0,0,0,0,0,0,0,0,0,0,0,0,0,0,0,0,0,0,0,0,0,0,0,"22"
"2209030301",7,13,3,1,1,0,0,0,0,0.19723865877712,0,0,0,0,0,0,1,0,0,0,0,0,0,0,0,0,0,0,0,0,0,0,0,0,0,0,0,0,0,0,0,"22"
"2209030401",1,3,0,0,0,0,0,0,0,0,0,0,0,0,0,0,0,0,0,0,0,0,0,0,0,0,0,0,0,0,0,0,0,0,0,0,0,0,0,0,0,"22"
"2209030501",0,0,0,0,0,0,0,0,0,0,0,0,0,0,0,0,0,0,0,0,0,0,0,0,0,0,0,0,0,0,0,0,0,0,0,0,0,0,0,0,0,"22"
"2209030601",18,34,5,4,4,0,0,0,0,0.767754318618042,0,0,0,0,0,0,4,0,0,0,0,0,0,0,0,0,0,0,0,0,0,0,0,1,0,0,0,0,0,0,0,"22"
"2209030701",5,12,3,2,2,0,0,0,0,0.50125313283208,0,0,0,0,0,2,2,0,0,0,0,0,0,0,0,0,0,0,0,0,0,0,0,0,0,0,0,0,0,0,0,"22"
"2209030801",23,40,6,5,5,0,0,0,0,1.83150183150183,0,0,0,0,0,0,5,0,0,0,0,0,0,0,0,0,0,0,0,0,0,0,0,0,3,0,0,0,0,0,0,"22"
"2209030901",1,1,1,1,1,0,0,0,0,0.304878048780488,0,0,0,0,0,0,1,0,0,0,0,0,0,0,0,0,0,0,0,0,0,0,0,0,0,0,0,0,0,0,0,"22"
"2209031001",0,0,0,0,0,0,0,0,0,0,0,0,0,0,0,0,0,0,0,0,0,0,0,0,0,0,0,0,0,0,0,0,0,0,0,0,0,0,0,0,0,"22"
"2209031101",0,0,0,0,0,0,0,0,0,0,0,0,0,0,0,0,0,0,0,0,0,0,0,0,0,0,0,0,0,0,0,0,0,0,0,0,0,0,0,0,0,"22"
"2209040101",33,110,8,5,0,5,0,0,0,2.60416666666667,0,0,0,0,0,0,0,0,0,0,5,0,0,0,0,0,0,0,0,0,0,0,0,4,4,0,0,0,0,0,0,"22"
"2209040201",1,3,1,1,0,0,0,1,0,0.36101083032491,0,0,0,0,0,0,0,0,0,0,0,0,0,0,0,0,0,0,0,0,1,0,0,0,0,0,0,0,0,0,0,"22"
"2209040301",9,27,3,2,0,0,0,2,0,0.649350649350649,0,0,0,0,0,0,0,0,0,0,0,0,0,0,0,0,0,0,0,0,2,0,0,0,0,0,0,0,0,0,0,"22"
"2209040401",7,15,3,1,0,0,0,1,0,0.448430493273543,0,0,0,0,0,0,0,0,0,0,0,0,0,0,0,0,0,0,0,0,1,0,1,0,0,0,0,0,0,0,0,"22"
"2209040501",11,39,3,2,0,0,0,2,0,0.51413881748072,0,0,0,0,0,0,0,0,0,0,0,0,0,0,0,0,0,0,0,0,2,0,0,2,2,0,0,0,0,0,0,"22"
"2209040601",6,18,2,2,0,0,0,2,0,0.477326968973747,0,0,0,0,0,0,0,0,0,0,0,0,0,0,0,0,0,0,0,0,2,0,1,0,0,0,0,0,0,0,0,"22"
"2209040701",18,69,14,12,2,0,0,10,0,1.98675496688742,0,0,0,2,0,0,0,0,0,0,0,0,0,0,0,0,0,0,3,5,6,0,7,6,8,0,0,0,0,0,0,"22"
"2209040801",22,76,18,13,1,0,0,13,0,2.31316725978648,0,0,0,0,0,0,1,0,0,0,0,0,0,0,0,1,0,0,2,3,10,0,0,8,8,5,0,0,0,0,0,"22"
"2209050101",0,0,0,0,0,0,0,0,0,0,0,0,0,0,0,0,0,0,0,0,0,0,0,0,0,0,0,0,0,0,0,0,0,0,0,0,0,0,0,0,0,"22"
"2209050201",0,0,0,0,0,0,0,0,0,0,0,0,0,0,0,0,0,0,0,0,0,0,0,0,0,0,0,0,0,0,0,0,0,0,0,0,0,0,0,0,0,"22"
"2209050301",0,0,0,0,0,0,0,0,0,0,0,0,0,0,0,0,0,0,0,0,0,0,0,0,0,0,0,0,0,0,0,0,0,0,0,0,0,0,0,0,0,"22"
"2209050401",0,0,0,0,0,0,0,0,0,0,0,0,0,0,0,0,0,0,0,0,0,0,0,0,0,0,0,0,0,0,0,0,0,0,0,0,0,0,0,0,0,"22"
"2209050501",5,28,3,1,0,0,0,1,0,0.232558139534884,0,0,0,0,0,0,0,0,0,0,0,0,0,0,0,0,0,0,0,0,1,0,0,0,0,0,0,0,0,0,0,"22"
"2209050601",0,0,0,0,0,0,0,0,0,0,0,0,0,0,0,0,0,0,0,0,0,0,0,0,0,0,0,0,0,0,0,0,0,0,0,0,0,0,0,0,0,"22"
"2209050701",0,0,0,0,0,0,0,0,0,0,0,0,0,0,0,0,0,0,0,0,0,0,0,0,0,0,0,0,0,0,0,0,0,0,0,0,0,0,0,0,0,"22"
"2209050801",0,0,0,0,0,0,0,0,0,0,0,0,0,0,0,0,0,0,0,0,0,0,0,0,0,0,0,0,0,0,0,0,0,0,0,0,0,0,0,0,0,"22"
"2209050901",0,0,0,0,0,0,0,0,0,0,0,0,0,0,0,0,0,0,0,0,0,0,0,0,0,0,0,0,0,0,0,0,0,0,0,0,0,0,0,0,0,"22"
"2209051001",1,5,0,0,0,0,0,0,0,0,0,0,0,0,0,0,0,0,0,0,0,0,0,0,0,0,0,0,0,0,0,0,0,0,0,0,0,0,0,0,0,"22"
"2209051101",0,0,0,0,0,0,0,0,0,0,0,0,0,0,0,0,0,0,0,0,0,0,0,0,0,0,0,0,0,0,0,0,0,0,0,0,0,0,0,0,0,"22"
"2209051201",0,0,0,0,0,0,0,0,0,0,0,0,0,0,0,0,0,0,0,0,0,0,0,0,0,0,0,0,0,0,0,0,0,0,0,0,0,0,0,0,0,"22"
"2209051301",0,0,0,0,0,0,0,0,0,0,0,0,0,0,0,0,0,0,0,0,0,0,0,0,0,0,0,0,0,0,0,0,0,0,0,0,0,0,0,0,0,"22"
"2209060101",0,0,0,0,0,0,0,0,0,0,0,0,0,0,0,0,0,0,0,0,0,0,0,0,0,0,0,0,0,0,0,0,0,0,0,0,0,0,0,0,0,"22"
"2209060201",0,0,0,0,0,0,0,0,0,0,0,0,0,0,0,0,0,0,0,0,0,0,0,0,0,0,0,0,0,0,0,0,0,0,0,0,0,0,0,0,0,"22"
"2209060301",0,0,0,0,0,0,0,0,0,0,0,0,0,0,0,0,0,0,0,0,0,0,0,0,0,0,0,0,0,0,0,0,0,0,0,0,0,0,0,0,0,"22"
"2209060401",0,0,0,0,0,0,0,0,0,0,0,0,0,0,0,0,0,0,0,0,0,0,0,0,0,0,0,0,0,0,0,0,0,0,0,0,0,0,0,0,0,"22"
"2209060501",0,0,0,0,0,0,0,0,0,0,0,0,0,0,0,0,0,0,0,0,0,0,0,0,0,0,0,0,0,0,0,0,0,0,0,0,0,0,0,0,0,"22"
"2209060601",0,0,0,0,0,0,0,0,0,0,0,0,0,0,0,0,0,0,0,0,0,0,0,0,0,0,0,0,0,0,0,0,0,0,0,0,0,0,0,0,0,"22"
"2209060701",0,0,0,0,0,0,0,0,0,0,0,0,0,0,0,0,0,0,0,0,0,0,0,0,0,0,0,0,0,0,0,0,0,0,0,0,0,0,0,0,0,"22"
"2209060801",0,0,0,0,0,0,0,0,0,0,0,0,0,0,0,0,0,0,0,0,0,0,0,0,0,0,0,0,0,0,0,0,0,0,0,0,0,0,0,0,0,"22"
"2209060901",0,0,0,0,0,0,0,0,0,0,0,0,0,0,0,0,0,0,0,0,0,0,0,0,0,0,0,0,0,0,0,0,0,0,0,0,0,0,0,0,0,"22"
"2209061001",0,0,0,0,0,0,0,0,0,0,0,0,0,0,0,0,0,0,0,0,0,0,0,0,0,0,0,0,0,0,0,0,0,0,0,0,0,0,0,0,0,"22"
"2209510101",1,3,0,0,0,0,0,0,0,0,0,0,0,0,0,0,0,0,0,0,0,0,0,0,0,0,0,0,0,0,0,0,0,0,0,0,0,0,0,0,0,"22"
"2209510201",5,10,2,2,2,0,0,0,0,0.300751879699248,0,0,0,0,0,0,2,0,0,0,0,0,0,0,0,0,0,0,0,0,0,0,0,0,0,0,0,0,0,0,0,"22"
"2209510301",3,13,1,1,1,0,0,0,0,0.284090909090909,0,0,0,0,0,0,1,0,0,0,0,0,0,0,0,0,0,0,0,0,0,0,0,1,0,0,0,0,0,0,0,"22"
"2209510401",7,24,2,2,0,0,0,2,0,0.749063670411985,0,0,0,0,0,0,0,0,0,0,0,0,0,0,0,0,0,0,0,0,2,0,0,0,0,0,0,0,0,0,0,"22"
"2209510501",10,27,2,2,2,0,0,0,0,0.714285714285714,0,0,0,0,0,0,2,0,0,0,0,0,0,0,0,0,0,0,0,0,0,0,0,0,0,0,0,0,0,0,0,"22"
"2209510601",8,35,6,6,4,2,0,0,0,2.85714285714286,0,0,0,0,0,0,4,0,0,0,2,0,0,0,0,2,0,0,0,0,0,0,3,0,0,0,0,0,0,0,0,"22"
"2209510701",3,9,1,0,0,0,0,0,0,0,0,0,0,0,0,0,0,0,0,0,0,0,0,0,0,0,0,0,0,0,0,0,0,0,0,0,0,0,0,0,0,"22"
"2210010101",5,21,3,3,2,0,0,1,0,0.977198697068404,0,0,0,0,0,0,2,0,0,0,0,0,0,0,0,0,0,0,0,0,0,1,0,1,0,0,0,0,0,0,0,"22"
"2210010201",2,7,3,3,0,0,0,3,0,1.96078431372549,0,0,0,0,0,0,0,0,0,0,0,0,0,0,0,0,0,0,0,0,0,3,3,0,3,0,0,0,0,0,0,"22"
"2210010301",2,5,0,0,0,0,0,0,0,0,0,0,0,0,0,0,0,0,0,0,0,0,0,0,0,0,0,0,0,0,0,0,0,0,0,0,0,0,0,0,0,"22"
"2210010401",1,2,0,0,0,0,0,0,0,0,0,0,0,0,0,0,0,0,0,0,0,0,0,0,0,0,0,0,0,0,0,0,0,0,0,0,0,0,0,0,0,"22"
"2210010501",1,2,0,0,0,0,0,0,0,0,0,0,0,0,0,0,0,0,0,0,0,0,0,0,0,0,0,0,0,0,0,0,0,0,0,0,0,0,0,0,0,"22"
"2210010601",2,6,1,1,0,0,0,1,0,0.261096605744125,0,0,0,0,0,0,0,0,0,0,0,0,0,0,0,0,0,0,0,0,0,1,1,0,0,0,0,0,0,0,0,"22"
"2210010701",4,7,0,0,0,0,0,0,0,0,0,0,0,0,0,0,0,0,0,0,0,0,0,0,0,0,0,0,0,0,0,0,0,0,0,0,0,0,0,0,0,"22"
"2210010801",0,0,0,0,0,0,0,0,0,0,0,0,0,0,0,0,0,0,0,0,0,0,0,0,0,0,0,0,0,0,0,0,0,0,0,0,0,0,0,0,0,"22"
"2210020101",1,4,0,0,0,0,0,0,0,0,0,0,0,0,0,0,0,0,0,0,0,0,0,0,0,0,0,0,0,0,0,0,0,0,0,0,0,0,0,0,0,"22"
"2210020201",0,0,0,0,0,0,0,0,0,0,0,0,0,0,0,0,0,0,0,0,0,0,0,0,0,0,0,0,0,0,0,0,0,0,0,0,0,0,0,0,0,"22"
"2210020301",0,0,0,0,0,0,0,0,0,0,0,0,0,0,0,0,0,0,0,0,0,0,0,0,0,0,0,0,0,0,0,0,0,0,0,0,0,0,0,0,0,"22"
"2210020401",0,0,0,0,0,0,0,0,0,0,0,0,0,0,0,0,0,0,0,0,0,0,0,0,0,0,0,0,0,0,0,0,0,0,0,0,0,0,0,0,0,"22"
"2210020501",1,7,3,1,0,0,0,1,0,0.175131348511384,0,0,0,0,0,0,0,0,0,0,0,0,0,0,0,0,0,0,0,0,0,1,0,0,0,0,0,0,0,0,0,"22"
"2210020601",0,0,0,0,0,0,0,0,0,0,0,0,0,0,0,0,0,0,0,0,0,0,0,0,0,0,0,0,0,0,0,0,0,0,0,0,0,0,0,0,0,"22"
"2210020701",0,0,0,0,0,0,0,0,0,0,0,0,0,0,0,0,0,0,0,0,0,0,0,0,0,0,0,0,0,0,0,0,0,0,0,0,0,0,0,0,0,"22"
"2210020801",0,0,0,0,0,0,0,0,0,0,0,0,0,0,0,0,0,0,0,0,0,0,0,0,0,0,0,0,0,0,0,0,0,0,0,0,0,0,0,0,0,"22"
"2210020901",0,0,0,0,0,0,0,0,0,0,0,0,0,0,0,0,0,0,0,0,0,0,0,0,0,0,0,0,0,0,0,0,0,0,0,0,0,0,0,0,0,"22"
"2210021001",0,0,0,0,0,0,0,0,0,0,0,0,0,0,0,0,0,0,0,0,0,0,0,0,0,0,0,0,0,0,0,0,0,0,0,0,0,0,0,0,0,"22"
"2210030101",3,25,2,1,0,0,0,1,0,0.174825174825175,0,0,0,0,0,0,0,0,0,0,0,0,0,0,0,0,0,0,0,0,0,1,0,0,0,0,0,0,0,0,0,"22"
"2210030201",1,6,1,1,0,0,0,1,0,0.226757369614512,0,0,0,0,0,1,0,0,0,0,0,0,0,0,0,1,0,0,0,0,0,1,1,0,0,0,0,0,0,0,0,"22"
"2210030301",15,69,16,14,3,2,0,11,0,4.41640378548896,0,0,0,1,2,4,0,0,0,0,2,0,0,0,0,0,0,0,0,4,2,9,4,7,0,0,0,0,0,0,0,"22"
"2210030401",2,10,0,0,0,0,0,0,0,0,0,0,0,0,0,0,0,0,0,0,0,0,0,0,0,0,0,0,0,0,0,0,0,0,0,0,0,0,0,0,0,"22"
"2210030501",1,4,0,0,0,0,0,0,0,0,0,0,0,0,0,0,0,0,0,0,0,0,0,0,0,0,0,0,0,0,0,0,0,0,0,0,0,0,0,0,0,"22"
"2210030601",19,49,10,6,6,0,0,0,0,1.35746606334842,0,0,0,0,0,0,6,0,0,0,0,0,0,0,0,0,0,0,0,0,0,0,1,0,0,0,0,0,0,0,0,"22"
"2210030701",0,0,0,0,0,0,0,0,0,0,0,0,0,0,0,0,0,0,0,0,0,0,0,0,0,0,0,0,0,0,0,0,0,0,0,0,0,0,0,0,0,"22"
"2210030801",5,14,3,2,0,0,0,2,0,0.847457627118644,0,0,0,0,0,0,0,0,0,0,0,0,2,0,0,0,0,0,0,0,2,0,0,0,0,0,0,0,0,0,0,"22"
"2210030901",2,3,3,3,0,0,0,3,0,1.11524163568773,0,0,0,0,0,0,0,0,0,0,0,0,0,0,0,0,0,0,0,0,0,3,1,0,0,0,0,0,0,0,0,"22"
"2210040101",3,21,0,0,0,0,0,0,0,0,0,0,0,0,0,0,0,0,0,0,0,0,0,0,0,0,0,0,0,0,0,0,0,0,0,0,0,0,0,0,0,"22"
"2210040201",4,18,4,4,0,0,0,4,0,0.763358778625954,0,0,0,0,0,0,0,0,0,0,0,0,0,0,0,0,0,0,0,0,0,4,0,0,0,0,0,0,0,0,0,"22"
"2210040301",5,26,6,6,0,0,0,6,0,1.2847965738758,0,0,0,0,0,0,0,0,0,0,0,2,0,0,0,2,0,0,0,0,0,6,2,0,0,0,0,0,0,0,0,"22"
"2210040401",1,5,0,0,0,0,0,0,0,0,0,0,0,0,0,0,0,0,0,0,0,0,0,0,0,0,0,0,0,0,0,0,0,0,0,0,0,0,0,0,0,"22"
"2210040501",3,7,4,3,0,3,0,0,0,0.79155672823219,0,0,0,0,0,0,0,0,0,0,3,0,0,0,0,0,0,0,0,0,0,0,0,0,0,0,0,0,0,0,0,"22"
"2210040601",6,18,10,10,0,0,0,10,0,3.7037037037037,0,0,0,0,0,0,0,0,0,0,0,0,0,0,0,0,0,0,0,0,0,10,0,0,0,0,0,0,0,0,0,"22"
"2210040701",2,10,0,0,0,0,0,0,0,0,0,0,0,0,0,0,0,0,0,0,0,0,0,0,0,0,0,0,0,0,0,0,0,0,0,0,0,0,0,0,0,"22"
"2210040801",1,1,0,0,0,0,0,0,0,0,0,0,0,0,0,0,0,0,0,0,0,0,0,0,0,0,0,0,0,0,0,0,0,0,0,0,0,0,0,0,0,"22"
"2210040901",0,0,0,0,0,0,0,0,0,0,0,0,0,0,0,0,0,0,0,0,0,0,0,0,0,0,0,0,0,0,0,0,0,0,0,0,0,0,0,0,0,"22"
"2210041001",1,6,0,0,0,0,0,0,0,0,0,0,0,0,0,0,0,0,0,0,0,0,0,0,0,0,0,0,0,0,0,0,0,0,0,0,0,0,0,0,0,"22"
"2210050101",11,35,14,13,2,0,0,11,0,2.07336523125997,0,0,0,0,0,3,2,0,0,0,0,0,0,0,0,0,0,0,5,3,7,3,0,4,6,0,0,0,0,0,0,"22"
"2210050201",31,90,27,24,5,11,0,13,0,2.70880361173815,0,0,0,0,2,6,3,1,0,0,11,0,6,0,0,1,0,0,5,5,1,8,7,5,13,7,0,0,1,1,2,"22"
"2210050301",4,11,2,2,0,0,0,2,0,0.544959128065395,0,0,0,0,0,0,0,0,0,0,0,0,0,0,0,0,0,0,0,0,0,2,0,0,0,0,0,0,0,0,0,"22"
"2210050401",22,72,9,7,1,6,0,1,0,1.17845117845118,0,0,0,0,1,2,0,0,0,0,6,0,1,0,0,4,0,0,1,1,0,0,1,1,6,2,0,0,0,0,0,"22"
"2210050501",49,149,20,19,12,3,0,5,0,3.95010395010395,0,0,0,0,11,13,1,2,0,0,1,0,0,0,0,1,0,0,4,0,0,5,2,5,12,0,2,0,0,0,9,"22"
"2210050601",0,0,0,0,0,0,0,0,0,0,0,0,0,0,0,0,0,0,0,0,0,0,0,0,0,0,0,0,0,0,0,0,0,0,0,0,0,0,0,0,0,"22"
"2210050701",20,64,13,12,4,6,0,2,0,2.29885057471264,0,0,0,1,0,6,3,0,0,0,6,0,4,0,0,0,0,0,1,0,0,2,2,2,4,0,0,0,0,0,0,"22"
"2210050801",2,5,2,2,0,0,0,2,0,0.5,0,0,0,0,0,2,0,0,0,0,0,0,0,0,0,0,0,0,0,0,2,0,2,0,0,0,0,0,0,0,0,"22"
